20|16|10|25.638000|
20|16|10|21.973000|
20|16|10|21.008000|
20|16|10|24.477000|
20|16|10|13.766000|
20|16|2|112.109000|
20|16|2|309.856000|
20|16|2|1132.022000|
20|16|2|219.511000|
20|16|2|479.122000|
3|16|2|0.028000|
3|16|2|0.025000|
3|16|2|0.025000|
3|16|2|0.025000|
3|16|2|0.025000|
3|16|6|0.024000|
3|16|6|0.024000|
3|16|6|0.024000|
3|16|6|0.024000|
3|16|6|0.024000|
3|16|10|0.024000|
3|16|10|0.025000|
3|16|10|0.026000|
3|16|10|0.025000|
3|16|10|0.026000|
3|256|2|0.036000|
3|256|2|0.035000|
3|256|2|0.036000|
3|256|2|0.044000|
3|256|2|0.044000|
3|256|6|0.025000|
3|256|6|0.025000|
3|256|6|0.024000|
3|256|6|0.024000|
3|256|6|0.025000|
3|256|10|0.025000|
3|256|10|0.026000|
3|256|10|0.026000|
3|256|10|0.025000|
3|256|10|0.025000|
3|4096|2|0.066000|
3|4096|2|0.066000|
3|4096|2|0.067000|
3|4096|2|0.066000|
3|4096|2|0.067000|
3|4096|6|0.024000|
3|4096|6|0.024000|
3|4096|6|0.024000|
3|4096|6|0.025000|
3|4096|6|0.025000|
3|4096|10|0.026000|
3|4096|10|0.026000|
3|4096|10|0.026000|
3|4096|10|0.026000|
3|4096|10|0.026000|
3|65536|2|0.050000|
3|65536|2|0.050000|
3|65536|2|0.094000|
3|65536|2|0.094000|
3|65536|2|0.094000|
3|65536|6|0.025000|
3|65536|6|0.026000|
3|65536|6|0.026000|
3|65536|6|0.027000|
3|65536|6|0.026000|
3|65536|10|0.028000|
3|65536|10|0.027000|
3|65536|10|0.029000|
3|65536|10|0.030000|
3|65536|10|0.030000|
3|1048576|2|0.050000|
3|1048576|2|0.050000|
3|1048576|2|0.050000|
3|1048576|2|0.075000|
3|1048576|2|0.076000|
3|1048576|6|0.027000|
3|1048576|6|0.027000|
3|1048576|6|0.027000|
3|1048576|6|0.027000|
3|1048576|6|0.028000|
3|1048576|10|0.029000|
3|1048576|10|0.030000|
3|1048576|10|0.030000|
3|1048576|10|0.030000|
3|1048576|10|0.030000|
4|16|2|0.046000|
4|16|2|0.046000|
4|16|2|0.046000|
4|16|2|0.046000|
4|16|2|0.047000|
4|16|6|0.027000|
4|16|6|0.027000|
4|16|6|0.026000|
4|16|6|0.027000|
4|16|6|0.026000|
4|16|10|0.028000|
4|16|10|0.028000|
4|16|10|0.029000|
4|16|10|0.029000|
4|16|10|0.029000|
4|256|2|0.055000|
4|256|2|0.054000|
4|256|2|0.173000|
4|256|2|0.172000|
4|256|2|0.173000|
4|256|6|0.027000|
4|256|6|0.026000|
4|256|6|0.027000|
4|256|6|0.027000|
4|256|6|0.027000|
4|256|10|0.028000|
4|256|10|0.029000|
4|256|10|0.029000|
4|256|10|0.029000|
4|256|10|0.029000|
4|4096|2|0.159000|
4|4096|2|0.158000|
4|4096|2|0.092000|
4|4096|2|0.091000|
4|4096|2|0.092000|
4|4096|6|0.027000|
4|4096|6|0.030000|
4|4096|6|0.030000|
4|4096|6|0.030000|
4|4096|6|0.030000|
4|4096|10|0.036000|
4|4096|10|0.035000|
4|4096|10|0.036000|
4|4096|10|0.036000|
4|4096|10|0.036000|
4|65536|2|0.283000|
4|65536|2|0.169000|
4|65536|2|0.169000|
4|65536|2|0.204000|
4|65536|2|0.204000|
4|65536|6|0.035000|
4|65536|6|0.034000|
4|65536|6|0.035000|
4|65536|6|0.035000|
4|65536|6|0.035000|
4|65536|10|0.037000|
4|65536|10|0.037000|
4|65536|10|0.037000|
4|65536|10|0.038000|
4|65536|10|0.036000|
4|1048576|2|0.169000|
4|1048576|2|0.170000|
4|1048576|2|0.169000|
4|1048576|2|0.207000|
4|1048576|2|0.205000|
4|1048576|6|0.035000|
4|1048576|6|0.038000|
4|1048576|6|0.037000|
4|1048576|6|0.037000|
4|1048576|6|0.037000|
4|1048576|10|0.040000|
4|1048576|10|0.038000|
4|1048576|10|0.039000|
4|1048576|10|0.038000|
4|1048576|10|0.038000|
5|16|2|0.130000|
5|16|2|0.100000|
5|16|2|0.100000|
5|16|2|0.101000|
5|16|2|0.100000|
5|16|6|0.030000|
5|16|6|0.030000|
5|16|6|0.030000|
5|16|6|0.030000|
5|16|6|0.030000|
5|16|10|0.031000|
5|16|10|0.031000|
5|16|10|0.031000|
5|16|10|0.031000|
5|16|10|0.031000|
5|256|2|0.340000|
5|256|2|0.342000|
5|256|2|0.301000|
5|256|2|0.301000|
5|256|2|0.302000|
5|256|6|0.031000|
5|256|6|0.031000|
5|256|6|0.031000|
5|256|6|0.041000|
5|256|6|0.041000|
5|256|10|0.051000|
5|256|10|0.050000|
5|256|10|0.051000|
5|256|10|0.051000|
5|256|10|0.052000|
5|4096|2|0.363000|
5|4096|2|0.362000|
5|4096|2|0.395000|
5|4096|2|0.395000|
5|4096|2|0.458000|
5|4096|6|0.048000|
5|4096|6|0.044000|
5|4096|6|0.044000|
5|4096|6|0.044000|
5|4096|6|0.045000|
5|4096|10|0.055000|
5|4096|10|0.055000|
5|4096|10|0.055000|
5|4096|10|0.056000|
5|4096|10|0.055000|
5|65536|2|0.445000|
5|65536|2|0.216000|
5|65536|2|0.215000|
5|65536|2|1.083000|
5|65536|2|0.621000|
5|65536|6|0.043000|
5|65536|6|0.044000|
5|65536|6|0.043000|
5|65536|6|0.044000|
5|65536|6|0.044000|
5|65536|10|0.055000|
5|65536|10|0.058000|
5|65536|10|0.058000|
5|65536|10|0.058000|
5|65536|10|0.058000|
5|1048576|2|1.477000|
5|1048576|2|0.908000|
5|1048576|2|0.669000|
5|1048576|2|0.486000|
5|1048576|2|0.488000|
5|1048576|6|0.049000|
5|1048576|6|0.045000|
5|1048576|6|0.045000|
5|1048576|6|0.045000|
5|1048576|6|0.062000|
5|1048576|10|0.069000|
5|1048576|10|0.069000|
5|1048576|10|0.070000|
5|1048576|10|0.059000|
5|1048576|10|0.059000|
6|16|2|0.268000|
6|16|2|0.228000|
6|16|2|0.228000|
6|16|2|0.227000|
6|16|2|0.243000|
6|16|6|0.038000|
6|16|6|0.038000|
6|16|6|0.035000|
6|16|6|0.035000|
6|16|6|0.036000|
6|16|10|0.046000|
6|16|10|0.046000|
6|16|10|0.046000|
6|16|10|0.046000|
6|16|10|0.046000|
6|256|2|1.191000|
6|256|2|0.469000|
6|256|2|0.623000|
6|256|2|0.774000|
6|256|2|0.233000|
6|256|6|0.037000|
6|256|6|0.036000|
6|256|6|0.036000|
6|256|6|0.064000|
6|256|6|0.063000|
6|256|10|0.070000|
6|256|10|0.071000|
6|256|10|0.070000|
6|256|10|0.069000|
6|256|10|0.069000|
6|4096|2|1.122000|
6|4096|2|1.068000|
6|4096|2|1.123000|
6|4096|2|1.150000|
6|4096|2|1.767000|
6|4096|6|0.074000|
6|4096|6|0.073000|
6|4096|6|0.073000|
6|4096|6|0.066000|
6|4096|6|0.067000|
6|4096|10|0.076000|
6|4096|10|0.076000|
6|4096|10|0.076000|
6|4096|10|0.080000|
6|4096|10|0.080000|
6|65536|2|1.699000|
6|65536|2|2.491000|
6|65536|2|1.191000|
6|65536|2|1.188000|
6|65536|2|0.617000|
6|65536|6|0.072000|
6|65536|6|0.072000|
6|65536|6|0.072000|
6|65536|6|0.092000|
6|65536|6|0.092000|
6|65536|10|0.103000|
6|65536|10|0.077000|
6|65536|10|0.078000|
6|65536|10|0.095000|
6|65536|10|0.095000|
6|1048576|2|2.884000|
6|1048576|2|1.178000|
6|1048576|2|3.188000|
6|1048576|2|2.775000|
6|1048576|2|1.632000|
6|1048576|6|0.091000|
6|1048576|6|0.091000|
6|1048576|6|0.091000|
6|1048576|6|0.091000|
6|1048576|6|0.113000|
6|1048576|10|0.115000|
6|1048576|10|0.115000|
6|1048576|10|0.115000|
6|1048576|10|0.116000|
6|1048576|10|0.116000|
7|16|2|1.273000|
7|16|2|0.734000|
7|16|2|0.461000|
7|16|2|0.461000|
7|16|2|0.662000|
7|16|6|0.053000|
7|16|6|0.053000|
7|16|6|0.053000|
7|16|6|0.054000|
7|16|6|0.053000|
7|16|10|0.062000|
7|16|10|0.063000|
7|16|10|0.062000|
7|16|10|0.062000|
7|16|10|0.062000|
7|256|2|1.643000|
7|256|2|0.733000|
7|256|2|1.975000|
7|256|2|1.188000|
7|256|2|0.939000|
7|256|6|0.096000|
7|256|6|0.095000|
7|256|6|0.095000|
7|256|6|0.095000|
7|256|6|0.115000|
7|256|10|0.110000|
7|256|10|0.110000|
7|256|10|0.110000|
7|256|10|0.121000|
7|256|10|0.120000|
7|4096|2|2.676000|
7|4096|2|2.119000|
7|4096|2|4.748000|
7|4096|2|2.127000|
7|4096|2|2.154000|
7|4096|6|0.118000|
7|4096|6|0.167000|
7|4096|6|0.167000|
7|4096|6|0.168000|
7|4096|6|0.092000|
7|4096|10|0.110000|
7|4096|10|0.124000|
7|4096|10|0.125000|
7|4096|10|0.107000|
7|4096|10|0.106000|
7|65536|2|6.188000|
7|65536|2|4.907000|
7|65536|2|3.445000|
7|65536|2|5.346000|
7|65536|2|1.830000|
7|65536|6|0.168000|
7|65536|6|0.169000|
7|65536|6|0.168000|
7|65536|6|0.153000|
7|65536|6|0.152000|
7|65536|10|0.157000|
7|65536|10|0.207000|
7|65536|10|0.208000|
7|65536|10|0.208000|
7|65536|10|0.155000|
7|1048576|2|5.374000|
7|1048576|2|4.646000|
7|1048576|2|5.744000|
7|1048576|2|7.753000|
7|1048576|2|5.233000|
7|1048576|6|0.095000|
7|1048576|6|0.162000|
7|1048576|6|0.162000|
7|1048576|6|0.162000|
7|1048576|6|0.186000|
7|1048576|10|0.178000|
7|1048576|10|0.178000|
7|1048576|10|0.186000|
7|1048576|10|0.186000|
7|1048576|10|0.186000|
8|16|2|1.221000|
8|16|2|0.778000|
8|16|2|1.058000|
8|16|2|2.201000|
8|16|2|1.602000|
8|16|6|0.134000|
8|16|6|0.139000|
8|16|6|0.135000|
8|16|6|0.139000|
8|16|6|0.135000|
8|16|10|0.141000|
8|16|10|0.139000|
8|16|10|0.156000|
8|16|10|0.155000|
8|16|10|0.156000|
8|256|2|2.449000|
8|256|2|6.258000|
8|256|2|1.364000|
8|256|2|2.085000|
8|256|2|2.707000|
8|256|6|0.163000|
8|256|6|0.170000|
8|256|6|0.170000|
8|256|6|0.170000|
8|256|6|0.145000|
8|256|10|0.164000|
8|256|10|0.186000|
8|256|10|0.200000|
8|256|10|0.202000|
8|256|10|0.165000|
8|4096|2|5.674000|
8|4096|2|7.162000|
8|4096|2|6.481000|
8|4096|2|2.387000|
8|4096|2|6.783000|
8|4096|6|0.300000|
8|4096|6|0.266000|
8|4096|6|0.226000|
8|4096|6|0.245000|
8|4096|6|0.336000|
8|4096|10|0.300000|
8|4096|10|0.319000|
8|4096|10|0.236000|
8|4096|10|0.242000|
8|4096|10|0.306000|
8|65536|2|18.793000|
8|65536|2|7.551000|
8|65536|2|6.616000|
8|65536|2|9.288000|
8|65536|2|20.735000|
8|65536|6|0.353000|
8|65536|6|0.341000|
8|65536|6|0.353000|
8|65536|6|0.298000|
8|65536|6|0.286000|
8|65536|10|0.275000|
8|65536|10|0.284000|
8|65536|10|0.310000|
8|65536|10|0.326000|
8|65536|10|0.349000|
8|1048576|2|9.838000|
8|1048576|2|14.235000|
8|1048576|2|24.469000|
8|1048576|2|10.288000|
8|1048576|2|17.123000|
8|1048576|6|0.380000|
8|1048576|6|0.345000|
8|1048576|6|0.595000|
8|1048576|6|0.636000|
8|1048576|6|0.690000|
8|1048576|10|0.491000|
8|1048576|10|0.559000|
8|1048576|10|0.680000|
8|1048576|10|0.653000|
8|1048576|10|0.671000|
9|16|2|2.504000|
9|16|2|3.854000|
9|16|2|3.427000|
9|16|2|2.086000|
9|16|2|4.874000|
9|16|6|0.184000|
9|16|6|0.170000|
9|16|6|0.305000|
9|16|6|0.306000|
9|16|6|0.138000|
9|16|10|0.132000|
9|16|10|0.134000|
9|16|10|0.285000|
9|16|10|0.257000|
9|16|10|0.205000|
9|256|2|13.029000|
9|256|2|20.676000|
9|256|2|9.354000|
9|256|2|16.098000|
9|256|2|5.064000|
9|256|6|0.744000|
9|256|6|0.329000|
9|256|6|0.543000|
9|256|6|0.902000|
9|256|6|0.660000|
9|256|10|0.455000|
9|256|10|0.442000|
9|256|10|0.559000|
9|256|10|0.229000|
9|256|10|0.242000|
9|4096|2|22.564000|
9|4096|2|24.332000|
9|4096|2|33.048000|
9|4096|2|29.557000|
9|4096|2|44.889000|
9|4096|6|1.273000|
9|4096|6|1.164000|
9|4096|6|1.230000|
9|4096|6|1.321000|
9|4096|6|1.197000|
9|4096|10|1.123000|
9|4096|10|0.708000|
9|4096|10|1.835000|
9|4096|10|1.228000|
9|4096|10|1.191000|
9|65536|2|72.459000|
9|65536|2|39.718000|
9|65536|2|24.134000|
9|65536|2|53.399000|
9|65536|2|31.581000|
9|65536|6|1.599000|
9|65536|6|0.882000|
9|65536|6|1.581000|
9|65536|6|0.935000|
9|65536|6|1.202000|
9|65536|10|1.599000|
9|65536|10|0.929000|
9|65536|10|0.946000|
9|65536|10|1.038000|
9|65536|10|1.400000|
9|1048576|2|70.539000|
9|1048576|2|66.333000|
9|1048576|2|79.051000|
9|1048576|2|39.478000|
9|1048576|2|54.264000|
9|1048576|6|1.216000|
9|1048576|6|1.320000|
9|1048576|6|0.719000|
9|1048576|6|1.244000|
9|1048576|6|1.214000|
9|1048576|10|1.044000|
9|1048576|10|1.515000|
9|1048576|10|1.104000|
9|1048576|10|1.123000|
9|1048576|10|1.015000|
10|16|2|7.919000|
10|16|2|7.630000|
10|16|2|3.971000|
10|16|2|5.099000|
10|16|2|6.554000|
10|16|6|0.697000|
10|16|6|0.579000|
10|16|6|0.588000|
10|16|6|0.542000|
10|16|6|0.608000|
10|16|10|0.466000|
10|16|10|0.510000|
10|16|10|0.340000|
10|16|10|0.315000|
10|16|10|0.275000|
10|256|2|23.054000|
10|256|2|10.034000|
10|256|2|30.407000|
10|256|2|23.087000|
10|256|2|30.521000|
10|256|6|0.998000|
10|256|6|1.026000|
10|256|6|1.079000|
10|256|6|0.862000|
10|256|6|0.680000|
10|256|10|0.909000|
10|256|10|1.047000|
10|256|10|0.938000|
10|256|10|1.169000|
10|256|10|1.244000|
10|4096|2|69.146000|
10|4096|2|34.463000|
10|4096|2|72.965000|
10|4096|2|52.875000|
10|4096|2|27.710000|
10|4096|6|1.575000|
10|4096|6|1.821000|
10|4096|6|1.721000|
10|4096|6|2.066000|
10|4096|6|3.308000|
10|4096|10|1.345000|
10|4096|10|1.545000|
10|4096|10|0.724000|
10|4096|10|1.598000|
10|4096|10|2.190000|
10|65536|2|66.384000|
10|65536|2|91.832000|
10|65536|2|80.198000|
10|65536|2|44.765000|
10|65536|2|41.144000|
10|65536|6|0.850000|
10|65536|6|2.505000|
10|65536|6|2.391000|
10|65536|6|1.209000|
10|65536|6|1.949000|
10|65536|10|1.749000|
10|65536|10|2.083000|
10|65536|10|1.530000|
10|65536|10|1.242000|
10|65536|10|1.876000|
10|1048576|2|146.656000|
10|1048576|2|51.788000|
10|1048576|2|109.637000|
10|1048576|2|41.343000|
10|1048576|2|67.940000|
10|1048576|6|2.491000|
10|1048576|6|4.129000|
10|1048576|6|2.420000|
10|1048576|6|2.769000|
10|1048576|6|2.245000|
10|1048576|10|1.738000|
10|1048576|10|2.391000|
10|1048576|10|1.358000|
10|1048576|10|2.571000|
10|1048576|10|2.130000|
10|1048576|10|1.152000|
10|1048576|10|1.251000|
10|1048576|10|1.397000|
10|1048576|10|1.168000|
10|1048576|10|1.404000|
10|1048576|40|1.216000|
10|1048576|40|1.157000|
10|1048576|40|1.516000|
10|1048576|40|1.529000|
10|1048576|40|1.493000|
10|1048576|70|1.470000|
10|1048576|70|1.785000|
10|1048576|70|1.945000|
10|1048576|70|1.658000|
10|1048576|70|1.856000|
10|1048576|100|2.437000|
10|1048576|100|1.895000|
10|1048576|100|1.954000|
10|1048576|100|2.050000|
10|1048576|100|2.534000|
10|1073741824|10|2.969000|
10|1073741824|10|1.825000|
10|1073741824|10|1.565000|
10|1073741824|10|2.954000|
10|1073741824|10|2.207000|
10|1073741824|40|2.140000|
10|1073741824|40|1.541000|
10|1073741824|40|3.423000|
10|1073741824|40|2.443000|
10|1073741824|40|2.654000|
10|1073741824|70|2.852000|
10|1073741824|70|2.952000|
10|1073741824|70|2.725000|
10|1073741824|70|3.728000|
10|1073741824|70|4.105000|
10|1073741824|100|3.811000|
10|1073741824|100|3.420000|
10|1073741824|100|2.315000|
10|1073741824|100|4.365000|
10|1073741824|100|2.329000|
10|1099511627776|10|2.786000|
10|1099511627776|10|3.892000|
10|1099511627776|10|2.413000|
10|1099511627776|10|3.594000|
10|1099511627776|10|3.965000|
10|1099511627776|40|3.488000|
10|1099511627776|40|1.842000|
10|1099511627776|40|3.064000|
10|1099511627776|40|3.214000|
10|1099511627776|40|4.215000|
10|1099511627776|70|4.396000|
10|1099511627776|70|3.181000|
10|1099511627776|70|3.403000|
10|1099511627776|70|3.107000|
10|1099511627776|70|3.507000|
10|1099511627776|100|5.028000|
10|1099511627776|100|4.626000|
10|1099511627776|100|6.439000|
10|1099511627776|100|4.879000|
10|1099511627776|100|4.774000|
10|1125899906842624|10|4.412000|
10|1125899906842624|10|3.301000|
10|1125899906842624|10|4.143000|
10|1125899906842624|10|3.609000|
10|1125899906842624|10|3.481000|
10|1125899906842624|40|3.003000|
10|1125899906842624|40|3.887000|
10|1125899906842624|40|3.537000|
10|1125899906842624|40|4.402000|
10|1125899906842624|40|4.143000|
10|1125899906842624|70|4.305000|
10|1125899906842624|70|4.654000|
10|1125899906842624|70|7.158000|
10|1125899906842624|70|3.614000|
10|1125899906842624|70|4.463000|
10|1125899906842624|100|5.485000|
10|1125899906842624|100|4.704000|
10|1125899906842624|100|5.117000|
10|1125899906842624|100|5.181000|
10|1125899906842624|100|5.300000|
10|1152921504606846976|10|7.472000|
10|1152921504606846976|10|7.340000|
10|1152921504606846976|10|6.136000|
10|1152921504606846976|10|7.320000|
10|1152921504606846976|10|9.634000|
10|1152921504606846976|40|6.046000|
10|1152921504606846976|40|4.791000|
10|1152921504606846976|40|5.258000|
10|1152921504606846976|40|9.253000|
10|1152921504606846976|40|7.372000|
10|1152921504606846976|70|8.779000|
10|1152921504606846976|70|10.433000|
10|1152921504606846976|70|11.776000|
10|1152921504606846976|70|10.362000|
10|1152921504606846976|70|11.191000|
10|1152921504606846976|100|12.824000|
10|1152921504606846976|100|10.829000|
10|1152921504606846976|100|16.741000|
10|1152921504606846976|100|15.864000|
10|1152921504606846976|100|12.801000|
12|1048576|10|8.848000|
12|1048576|10|7.979000|
12|1048576|10|14.328000|
12|1048576|10|8.830000|
12|1048576|10|7.796000|
12|1048576|40|6.659000|
12|1048576|40|12.440000|
12|1048576|40|8.271000|
12|1048576|40|14.281000|
12|1048576|40|12.224000|
12|1048576|70|3.907000|
12|1048576|70|7.976000|
12|1048576|70|14.959000|
12|1048576|70|14.649000|
12|1048576|70|7.739000|
12|1048576|100|15.717000|
12|1048576|100|12.390000|
12|1048576|100|13.704000|
12|1048576|100|10.665000|
12|1048576|100|12.469000|
12|1073741824|10|10.284000|
12|1073741824|10|18.540000|
12|1073741824|10|11.150000|
12|1073741824|10|9.382000|
12|1073741824|10|11.573000|
12|1073741824|40|10.909000|
12|1073741824|40|10.593000|
12|1073741824|40|13.421000|
12|1073741824|40|8.898000|
12|1073741824|40|10.411000|
12|1073741824|70|7.403000|
12|1073741824|70|10.908000|
12|1073741824|70|8.898000|
12|1073741824|70|11.717000|
12|1073741824|70|8.492000|
12|1073741824|100|8.807000|
12|1073741824|100|9.687000|
12|1073741824|100|10.801000|
12|1073741824|100|10.215000|
12|1073741824|100|7.965000|
12|1099511627776|10|12.378000|
12|1099511627776|10|14.280000|
12|1099511627776|10|8.494000|
12|1099511627776|10|10.252000|
12|1099511627776|10|8.509000|
12|1099511627776|40|9.664000|
12|1099511627776|40|8.697000|
12|1099511627776|40|13.705000|
12|1099511627776|40|16.146000|
12|1099511627776|40|11.706000|
12|1099511627776|70|10.785000|
12|1099511627776|70|12.384000|
12|1099511627776|70|13.036000|
12|1099511627776|70|10.705000|
12|1099511627776|70|12.872000|
12|1099511627776|100|17.077000|
12|1099511627776|100|13.131000|
12|1099511627776|100|15.515000|
12|1099511627776|100|14.145000|
12|1099511627776|100|12.149000|
12|1125899906842624|10|21.461000|
12|1125899906842624|10|15.866000|
12|1125899906842624|10|21.913000|
12|1125899906842624|10|21.502000|
12|1125899906842624|10|16.042000|
12|1125899906842624|40|20.094000|
12|1125899906842624|40|12.436000|
12|1125899906842624|40|16.702000|
12|1125899906842624|40|15.380000|
12|1125899906842624|40|17.061000|
12|1125899906842624|70|17.149000|
12|1125899906842624|70|19.112000|
12|1125899906842624|70|13.105000|
12|1125899906842624|70|12.408000|
12|1125899906842624|70|14.596000|
12|1125899906842624|100|13.306000|
12|1125899906842624|100|16.064000|
12|1125899906842624|100|11.177000|
12|1125899906842624|100|15.660000|
12|1125899906842624|100|22.853000|
12|1152921504606846976|10|18.072000|
12|1152921504606846976|10|14.504000|
12|1152921504606846976|10|11.580000|
12|1152921504606846976|10|9.565000|
12|1152921504606846976|10|15.588000|
12|1152921504606846976|40|11.021000|
12|1152921504606846976|40|11.348000|
12|1152921504606846976|40|12.224000|
12|1152921504606846976|40|15.284000|
12|1152921504606846976|40|9.130000|
12|1152921504606846976|70|11.718000|
12|1152921504606846976|70|9.017000|
12|1152921504606846976|70|16.798000|
12|1152921504606846976|70|14.340000|
12|1152921504606846976|70|12.584000|
12|1152921504606846976|100|18.795000|
12|1152921504606846976|100|13.265000|
12|1152921504606846976|100|13.555000|
12|1152921504606846976|100|13.876000|
12|1152921504606846976|100|19.319000|
14|1048576|10|10.211000|
14|1048576|10|11.948000|
14|1048576|10|14.048000|
14|1048576|10|10.741000|
14|1048576|10|13.399000|
14|1048576|40|12.431000|
14|1048576|40|11.902000|
14|1048576|40|12.071000|
14|1048576|40|12.899000|
14|1048576|40|13.152000|
14|1048576|70|11.329000|
14|1048576|70|12.220000|
14|1048576|70|11.423000|
14|1048576|70|12.828000|
14|1048576|70|10.625000|
14|1048576|100|13.240000|
14|1048576|100|13.748000|
14|1048576|100|12.141000|
14|1048576|100|14.630000|
14|1048576|100|15.131000|
14|1073741824|10|12.250000|
14|1073741824|10|19.530000|
14|1073741824|10|8.258000|
14|1073741824|10|21.584000|
14|1073741824|10|16.766000|
14|1073741824|40|26.147000|
14|1073741824|40|15.668000|
14|1073741824|40|22.316000|
14|1073741824|40|17.447000|
14|1073741824|40|24.394000|
14|1073741824|70|11.143000|
14|1073741824|70|14.784000|
14|1073741824|70|23.933000|
14|1073741824|70|36.312000|
14|1073741824|70|27.520000|
14|1073741824|100|22.996000|
14|1073741824|100|30.047000|
14|1073741824|100|27.241000|
14|1073741824|100|39.744000|
14|1073741824|100|34.790000|
14|1099511627776|10|57.213000|
14|1099511627776|10|25.081000|
14|1099511627776|10|42.954000|
14|1099511627776|10|39.779000|
14|1099511627776|10|37.489000|
14|1099511627776|40|29.119000|
14|1099511627776|40|31.257000|
14|1099511627776|40|31.739000|
14|1099511627776|40|27.354000|
14|1099511627776|40|28.720000|
14|1099511627776|70|33.921000|
14|1099511627776|70|34.599000|
14|1099511627776|70|38.831000|
14|1099511627776|70|15.812000|
14|1099511627776|70|27.612000|
14|1099511627776|100|44.322000|
14|1099511627776|100|24.830000|
14|1099511627776|100|26.683000|
14|1099511627776|100|28.439000|
14|1099511627776|100|28.005000|
14|1125899906842624|10|29.901000|
14|1125899906842624|10|32.203000|
14|1125899906842624|10|31.210000|
14|1125899906842624|10|32.426000|
14|1125899906842624|10|39.125000|
14|1125899906842624|40|43.201000|
14|1125899906842624|40|37.093000|
14|1125899906842624|40|32.989000|
14|1125899906842624|40|35.713000|
14|1125899906842624|40|56.634000|
14|1125899906842624|70|38.562000|
14|1125899906842624|70|39.296000|
14|1125899906842624|70|60.655000|
14|1125899906842624|70|56.735000|
14|1125899906842624|70|81.690000|
14|1125899906842624|100|55.010000|
14|1125899906842624|100|37.747000|
14|1125899906842624|100|43.975000|
14|1125899906842624|100|34.094000|
14|1125899906842624|100|71.913000|
14|1152921504606846976|10|71.868000|
14|1152921504606846976|10|59.660000|
14|1152921504606846976|10|120.706000|
14|1152921504606846976|10|81.889000|
14|1152921504606846976|10|58.441000|
14|1152921504606846976|40|87.260000|
14|1152921504606846976|40|70.301000|
14|1152921504606846976|40|87.846000|
14|1152921504606846976|40|60.783000|
14|1152921504606846976|40|61.942000|
14|1152921504606846976|70|37.412000|
14|1152921504606846976|70|49.163000|
14|1152921504606846976|70|40.996000|
14|1152921504606846976|70|42.621000|
14|1152921504606846976|70|50.632000|
14|1152921504606846976|100|40.585000|
14|1152921504606846976|100|101.053000|
14|1152921504606846976|100|78.547000|
14|1152921504606846976|100|74.767000|
14|1152921504606846976|100|78.610000|
16|1048576|10|44.114000|
16|1048576|10|41.553000|
16|1048576|10|39.374000|
16|1048576|10|41.632000|
16|1048576|10|51.883000|
16|1048576|40|27.473000|
16|1048576|40|29.329000|
16|1048576|40|32.043000|
16|1048576|40|36.641000|
16|1048576|40|30.409000|
16|1048576|70|45.750000|
16|1048576|70|48.892000|
16|1048576|70|21.273000|
16|1048576|70|30.000000|
16|1048576|70|30.377000|
16|1048576|100|23.924000|
16|1048576|100|41.461000|
16|1048576|100|36.904000|
16|1048576|100|29.163000|
16|1048576|100|26.530000|
16|1073741824|10|55.150000|
16|1073741824|10|59.223000|
16|1073741824|10|49.623000|
16|1073741824|10|62.217000|
16|1073741824|10|58.892000|
16|1073741824|40|75.451000|
16|1073741824|40|56.344000|
16|1073741824|40|49.054000|
16|1073741824|40|72.596000|
16|1073741824|40|68.939000|
16|1073741824|70|29.031000|
16|1073741824|70|47.674000|
16|1073741824|70|51.849000|
16|1073741824|70|52.148000|
16|1073741824|70|48.377000|
16|1073741824|100|58.788000|
16|1073741824|100|66.654000|
16|1073741824|100|52.920000|
16|1073741824|100|75.064000|ERROR_IMPOSSIBLE
16|1073741824|100|57.336000|
16|1099511627776|10|103.546000|
16|1099511627776|10|83.574000|
16|1099511627776|10|104.869000|
16|1099511627776|10|92.985000|
16|1099511627776|10|115.867000|
16|1099511627776|40|79.014000|
16|1099511627776|40|66.459000|
16|1099511627776|40|44.478000|
16|1099511627776|40|45.776000|
16|1099511627776|40|79.091000|
16|1099511627776|70|23.728000|ERROR_NOT_SAME_SIZE
16|1099511627776|70|60.088000|
16|1099511627776|70|79.197000|
16|1099511627776|70|72.733000|
16|1099511627776|70|41.023000|
16|1099511627776|100|77.241000|
16|1099511627776|100|70.124000|
16|1099511627776|100|53.855000|
16|1099511627776|100|79.754000|
16|1099511627776|100|94.317000|
16|1125899906842624|10|94.831000|
16|1125899906842624|10|117.388000|
16|1125899906842624|10|133.115000|
16|1125899906842624|10|108.360000|
16|1125899906842624|10|123.755000|
16|1125899906842624|40|67.964000|
16|1125899906842624|40|83.684000|ERROR_NOT_SAME_SIZE
16|1125899906842624|40|100.789000|
16|1125899906842624|40|80.531000|
16|1125899906842624|40|121.454000|
16|1125899906842624|70|79.094000|
16|1125899906842624|70|97.068000|
16|1125899906842624|70|91.079000|
16|1125899906842624|70|103.407000|
16|1125899906842624|70|98.108000|
16|1125899906842624|100|100.722000|
16|1125899906842624|100|95.701000|
16|1125899906842624|100|105.699000|
16|1125899906842624|100|73.050000|
16|1125899906842624|100|6.915000|ERROR_NOT_SAME_SIZE
16|1152921504606846976|10|131.225000|
16|1152921504606846976|10|105.011000|
16|1152921504606846976|10|199.811000|
16|1152921504606846976|10|133.744000|
16|1152921504606846976|10|123.754000|
16|1152921504606846976|40|208.806000|
16|1152921504606846976|40|95.839000|
16|1152921504606846976|40|121.264000|
16|1152921504606846976|40|70.489000|
16|1152921504606846976|40|99.218000|
16|1152921504606846976|70|117.681000|
16|1152921504606846976|70|103.527000|
16|1152921504606846976|70|69.177000|
16|1152921504606846976|70|111.540000|
16|1152921504606846976|70|110.625000|
16|1152921504606846976|100|121.173000|
16|1152921504606846976|100|113.583000|
16|1152921504606846976|100|136.043000|
16|1152921504606846976|100|128.103000|
16|1152921504606846976|100|97.435000|
18|1048576|10|62.532000|
18|1048576|10|74.542000|
18|1048576|10|58.358000|
18|1048576|10|103.024000|
18|1048576|10|75.312000|
18|1048576|40|55.418000|
18|1048576|40|77.450000|
18|1048576|40|56.190000|
18|1048576|40|104.101000|
18|1048576|40|36.908000|ERROR_NOT_SAME_SIZE
18|1048576|70|77.507000|
18|1048576|70|50.970000|
18|1048576|70|46.960000|
18|1048576|70|78.784000|
18|1048576|70|54.523000|
18|1048576|100|22.959000|ERROR_NOT_SAME_SIZE
18|1048576|100|74.203000|
18|1048576|100|65.928000|
18|1048576|100|79.359000|
18|1048576|100|67.499000|
18|1073741824|10|162.634000|
18|1073741824|10|38.964000|ERROR_IMPOSSIBLE
18|1073741824|10|105.451000|
18|1073741824|10|40.243000|ERROR_NOT_SAME_SIZE
18|1073741824|10|121.494000|
18|1073741824|40|99.281000|
18|1073741824|40|109.877000|
18|1073741824|40|121.733000|
18|1073741824|40|106.552000|
18|1073741824|40|145.770000|
18|1073741824|70|64.702000|
18|1073741824|70|88.675000|
18|1073741824|70|194.967000|
18|1073741824|70|135.174000|
18|1073741824|70|128.314000|
18|1073741824|100|121.149000|
18|1073741824|100|86.774000|
18|1073741824|100|108.826000|
18|1073741824|100|98.806000|
18|1073741824|100|91.870000|
18|1099511627776|10|149.096000|
18|1099511627776|10|111.436000|
18|1099511627776|10|136.554000|
18|1099511627776|10|205.305000|
18|1099511627776|10|132.196000|
18|1099511627776|40|193.700000|
18|1099511627776|40|268.355000|
18|1099511627776|40|166.699000|
18|1099511627776|40|160.853000|
18|1099511627776|40|125.877000|
18|1099511627776|70|107.632000|
18|1099511627776|70|172.301000|
18|1099511627776|70|241.128000|
18|1099511627776|70|116.632000|
18|1099511627776|70|184.735000|
18|1099511627776|100|202.250000|
18|1099511627776|100|149.569000|
18|1099511627776|100|38.943000|ERROR_IMPOSSIBLE
18|1099511627776|100|145.837000|
18|1099511627776|100|153.099000|
18|1125899906842624|10|218.996000|
18|1125899906842624|10|181.355000|
18|1125899906842624|10|206.024000|
18|1125899906842624|10|84.770000|ERROR_NOT_SAME_SIZE
18|1125899906842624|10|170.182000|
18|1125899906842624|40|245.938000|
18|1125899906842624|40|166.376000|
18|1125899906842624|40|207.954000|
18|1125899906842624|40|215.909000|
18|1125899906842624|40|133.912000|
18|1125899906842624|70|222.675000|
18|1125899906842624|70|29.564000|ERROR_NOT_SAME_SIZE
18|1125899906842624|70|291.210000|
18|1125899906842624|70|217.122000|
18|1125899906842624|70|205.362000|
18|1125899906842624|100|252.893000|
18|1125899906842624|100|241.774000|
18|1125899906842624|100|233.705000|
18|1125899906842624|100|249.346000|
18|1125899906842624|100|297.075000|
18|1152921504606846976|10|444.677000|
18|1152921504606846976|10|373.522000|
18|1152921504606846976|10|285.550000|
18|1152921504606846976|10|629.532000|
18|1152921504606846976|10|517.950000|
18|1152921504606846976|40|282.045000|
18|1152921504606846976|40|515.078000|
18|1152921504606846976|40|317.920000|
18|1152921504606846976|40|322.382000|
18|1152921504606846976|40|323.869000|
18|1152921504606846976|70|273.163000|
18|1152921504606846976|70|235.196000|
18|1152921504606846976|70|600.382000|
18|1152921504606846976|70|410.266000|
18|1152921504606846976|70|346.952000|
18|1152921504606846976|100|305.243000|
18|1152921504606846976|100|269.666000|
18|1152921504606846976|100|353.249000|
18|1152921504606846976|100|388.575000|
18|1152921504606846976|100|213.169000|
20|1048576|10|216.345000|
20|1048576|10|158.085000|
20|1048576|10|252.385000|
20|1048576|10|131.591000|
20|1048576|10|157.176000|
20|1048576|40|187.689000|
20|1048576|40|188.956000|
20|1048576|40|212.660000|
20|1048576|40|227.783000|
20|1048576|40|150.133000|
20|1048576|70|180.362000|
20|1048576|70|301.206000|
10|1048576|10|1.287000|
10|1048576|10|1.263000|
10|1048576|10|1.397000|
10|1048576|10|0.693000|
10|1048576|10|1.479000|
10|1048576|40|2.162000|
10|1048576|40|1.208000|
10|1048576|40|1.437000|
10|1048576|40|1.016000|
10|1048576|40|1.117000|
10|1048576|70|1.263000|
10|1048576|70|1.644000|
10|1048576|70|1.578000|
10|1048576|70|1.367000|
10|1048576|70|1.466000|
10|1048576|100|1.950000|
10|1048576|100|3.016000|
10|1048576|100|1.693000|
10|1048576|100|1.768000|
10|1048576|100|1.588000|
10|1073741824|10|1.224000|
10|1073741824|10|2.733000|
10|1073741824|10|1.461000|
10|1073741824|10|2.860000|
10|1073741824|10|1.122000|
10|1073741824|40|1.779000|
10|1073741824|40|1.508000|
10|1073741824|40|2.137000|
10|1073741824|40|1.466000|
10|1073741824|40|2.131000|
10|1073741824|70|2.580000|
10|1073741824|70|1.772000|
10|1073741824|70|2.760000|
10|1073741824|70|1.537000|
10|1073741824|70|2.627000|
10|1073741824|100|3.646000|
10|1073741824|100|3.333000|
10|1073741824|100|2.834000|
10|1073741824|100|3.132000|
10|1073741824|100|2.023000|
10|1099511627776|10|2.786000|
10|1099511627776|10|2.324000|
10|1099511627776|10|3.098000|
10|1099511627776|10|1.552000|
10|1099511627776|10|2.118000|
10|1099511627776|40|3.000000|
10|1099511627776|40|3.058000|
10|1099511627776|40|3.220000|
10|1099511627776|40|1.558000|
10|1099511627776|40|3.314000|
10|1099511627776|70|3.958000|
10|1099511627776|70|2.751000|
10|1099511627776|70|3.016000|
10|1099511627776|70|2.355000|
10|1099511627776|70|1.887000|ERROR_NOT_SAME_SIZE
10|1099511627776|100|5.409000|
10|1099511627776|100|4.037000|
10|1099511627776|100|3.520000|
10|1099511627776|100|2.282000|
10|1099511627776|100|3.348000|
10|1125899906842624|10|3.640000|
10|1125899906842624|10|6.395000|
10|1125899906842624|10|5.673000|
10|1125899906842624|10|3.728000|
10|1125899906842624|10|3.988000|
10|1125899906842624|40|3.320000|
10|1125899906842624|40|4.256000|
10|1125899906842624|40|4.524000|
10|1125899906842624|40|4.190000|
10|1125899906842624|40|4.526000|
10|1125899906842624|70|4.861000|
10|1125899906842624|70|3.260000|
10|1125899906842624|70|3.461000|
10|1125899906842624|70|5.103000|
10|1125899906842624|70|6.678000|
10|1125899906842624|100|5.871000|
10|1125899906842624|100|5.309000|
10|1125899906842624|100|5.642000|
10|1125899906842624|100|6.667000|
10|1125899906842624|100|5.820000|
10|1152921504606846976|10|3.884000|
10|1152921504606846976|10|5.999000|
10|1152921504606846976|10|4.426000|
10|1152921504606846976|10|4.683000|
10|1152921504606846976|10|7.437000|
10|1152921504606846976|40|5.008000|
10|1152921504606846976|40|5.459000|
10|1152921504606846976|40|5.391000|
