2|4|0.000237|
2|4|0.000182|
2|4|0.000174|
2|4|0.000179|
2|4|0.000179|
2|8|0.000177|
2|8|0.000169|
2|8|0.000174|
2|8|0.00017|
2|8|0.000179|
2|16|0.000176|
2|16|0.000179|
2|16|0.000169|
2|16|0.00018|
2|16|0.000169|
2|32|0.00018|
2|32|0.000173|
2|32|0.000174|
2|32|0.000176|
2|32|0.000169|
2|64|0.000169|
2|64|0.000176|
2|64|0.000177|
2|64|0.000181|
2|64|0.000176|
2|128|0.000174|
2|128|0.000178|
2|128|0.000165|
2|128|0.000165|
2|128|0.000173|
2|256|0.000181|
2|256|0.000172|
2|256|0.00018|
2|256|0.000182|
2|256|0.000176|
2|512|0.000174|
2|512|0.00017|
2|512|0.000184|
2|512|0.000195|
2|512|0.000176|
2|1024|0.000182|
2|1024|0.000184|
2|1024|0.000181|
2|1024|0.000199|
2|1024|0.000195|
2|2048|0.000189|
2|2048|0.000199|
2|2048|0.000194|
2|2048|0.000177|
2|2048|0.000172|
2|4096|0.000172|
2|4096|0.000178|
2|4096|0.000166|
2|4096|0.000184|
2|4096|0.000174|
2|8192|0.000177|
2|8192|0.00018|
2|8192|0.000169|
2|8192|0.000174|
2|8192|0.000179|
2|16384|0.000177|
2|16384|0.000166|
2|16384|0.000171|
2|16384|0.000176|
2|16384|0.000177|
2|32768|0.000166|
2|32768|0.000177|
2|32768|0.000181|
2|32768|0.000177|
2|32768|0.000169|
2|65536|0.00017|
2|65536|0.000173|
2|65536|0.000173|
2|65536|0.000174|
2|65536|0.000174|
2|131072|0.000183|
2|131072|0.000184|
2|131072|0.00018|
2|131072|0.000184|
2|131072|0.000178|
2|262144|0.000182|
2|262144|0.000178|
2|262144|0.000182|
2|262144|0.000191|
2|262144|0.000179|
2|524288|0.000177|
2|524288|0.000181|
2|524288|0.000183|
2|524288|0.000175|
2|524288|0.000185|
2|1048576|0.000181|
2|1048576|0.000175|
2|1048576|0.000178|
2|1048576|0.000187|
2|1048576|0.000187|
3|4|0.000267|
3|4|0.000258|
3|4|0.000231|
3|4|0.000245|
3|4|0.00025|
3|8|0.000266|
3|8|0.000263|
3|8|0.000278|
3|8|0.000253|
3|8|0.000273|
3|16|0.000253|
3|16|0.000305|
3|16|0.000287|
3|16|0.000262|
3|16|0.00027|
3|32|0.000285|
3|32|0.000255|
3|32|0.000272|
3|32|0.000271|
3|32|0.000278|
3|64|0.000272|
3|64|0.000232|
3|64|0.000266|
3|64|0.000259|
3|64|0.000242|
3|128|0.000259|
3|128|0.000232|
3|128|0.000271|
3|128|0.00028|
3|128|0.000291|
3|256|0.000251|
3|256|0.00027|
3|256|0.000259|
3|256|0.000271|
3|256|0.000298|
3|512|0.000262|
3|512|0.000251|
3|512|0.000287|
3|512|0.000266|
3|512|0.000338|
3|1024|0.000274|
3|1024|0.000257|
3|1024|0.000274|
3|1024|0.000268|
3|1024|0.000276|
3|2048|0.000271|
3|2048|0.000234|
3|2048|0.000288|
3|2048|0.000261|
3|2048|0.000247|
3|4096|0.000291|
3|4096|0.000263|
3|4096|0.000281|
3|4096|0.000276|
3|4096|0.000295|
3|8192|0.000266|
3|8192|0.000256|
3|8192|0.000257|
3|8192|0.000297|
3|8192|0.000262|
3|16384|0.000276|
3|16384|0.00025|
3|16384|0.000293|
3|16384|0.000303|
3|16384|0.000264|
3|32768|0.000251|
3|32768|0.000267|
3|32768|0.000266|
3|32768|0.000257|
3|32768|0.00025|
3|65536|0.000248|
3|65536|0.000267|
3|65536|0.000287|
3|65536|0.000253|
3|65536|0.000304|
3|131072|0.000277|
3|131072|0.000276|
3|131072|0.000289|
3|131072|0.00027|
3|131072|0.000269|
3|262144|0.000253|
3|262144|0.000323|
3|262144|0.000278|
3|262144|0.000272|
3|262144|0.000277|
3|524288|0.000264|
3|524288|0.00028|
3|524288|0.000269|
3|524288|0.000273|
3|524288|0.00027|
3|1048576|0.000266|
3|1048576|0.000263|
3|1048576|0.000299|
3|1048576|0.000245|
3|1048576|0.00027|
4|4|0.000392|
4|4|0.000388|
4|4|0.000365|
4|4|0.000341|
4|4|0.000351|
4|8|0.000352|
4|8|0.000422|
4|8|0.000388|
4|8|0.000352|
4|8|0.000426|
4|16|0.000385|
4|16|0.000423|
4|16|0.000428|
4|16|0.000405|
4|16|0.000354|
4|32|0.000407|
4|32|0.000382|
4|32|0.000369|
4|32|0.000368|
4|32|0.000331|
4|64|0.000376|
4|64|0.000429|
4|64|0.00043|
4|64|0.00035|
4|64|0.00042|
4|128|0.00038|
4|128|0.000378|
4|128|0.000372|
4|128|0.000377|
4|128|0.00041|
4|256|0.000384|
4|256|0.000406|
4|256|0.000346|
4|256|0.000382|
4|256|0.000416|
4|512|0.000392|
4|512|0.000448|
4|512|0.000401|
4|512|0.000448|
4|512|0.000393|
4|1024|0.000408|
4|1024|0.000416|
4|1024|0.000415|
4|1024|0.000457|
4|1024|0.000334|
4|2048|0.00043|
4|2048|0.000351|
4|2048|0.000362|
4|2048|0.000393|
4|2048|0.000367|
4|4096|0.000404|
4|4096|0.000343|
4|4096|0.00034|
4|4096|0.000425|
4|4096|0.000395|
4|8192|0.000395|
4|8192|0.000378|
4|8192|0.000371|
4|8192|0.00046|
4|8192|0.000393|
4|16384|0.000348|
4|16384|0.000405|
4|16384|0.000446|
4|16384|0.000363|
4|16384|0.000368|
4|32768|0.000434|
4|32768|0.000372|
4|32768|0.000415|
4|32768|0.000327|
4|32768|0.000419|
4|65536|0.000381|
4|65536|0.000466|
4|65536|0.00037|
4|65536|0.000416|
4|65536|0.000438|
4|131072|0.000409|
4|131072|0.000447|
4|131072|0.000429|
4|131072|0.000426|
4|131072|0.000441|
4|262144|0.000424|
4|262144|0.000386|
4|262144|0.000408|
4|262144|0.000398|
4|262144|0.000444|
4|524288|0.000427|
4|524288|0.000365|
4|524288|0.000366|
4|524288|0.000358|
4|524288|0.000344|
4|1048576|0.000424|
4|1048576|0.000425|
4|1048576|0.000405|
4|1048576|0.000367|
4|1048576|0.000423|
5|4|0.000496|
5|4|0.000559|
5|4|0.000585|
5|4|0.000543|
5|4|0.000589|
5|8|0.00055|
5|8|0.00059|
5|8|0.000561|
5|8|0.000653|
5|8|0.000583|
5|16|0.000643|
5|16|0.000447|
5|16|0.000577|
5|16|0.00049|
5|16|0.000561|
5|32|0.00049|
5|32|0.000577|
5|32|0.000521|
5|32|0.000517|
5|32|0.000489|
5|64|0.000572|
5|64|0.000551|
5|64|0.000597|
5|64|0.000626|
5|64|0.000589|
5|128|0.000553|
5|128|0.000626|
5|128|0.000498|
5|128|0.000566|
5|128|0.000601|
5|256|0.000457|
5|256|0.000604|
5|256|0.000591|
5|256|0.000549|
5|256|0.000646|
5|512|0.000626|
5|512|0.000493|
5|512|0.000539|
5|512|0.000501|
5|512|0.000596|
5|1024|0.000613|
5|1024|0.000566|
5|1024|0.000512|
5|1024|0.000554|
5|1024|0.000612|
5|2048|0.000624|
5|2048|0.000542|
5|2048|0.000516|
5|2048|0.000596|
5|2048|0.00051|
5|4096|0.000601|
5|4096|0.000536|
5|4096|0.00058|
5|4096|0.000578|
5|4096|0.000562|
5|8192|0.000486|
5|8192|0.000491|
5|8192|0.000661|
5|8192|0.000677|
5|8192|0.000613|
5|16384|0.00055|
5|16384|0.000555|
5|16384|0.00054|
5|16384|0.000584|
5|16384|0.000606|
5|32768|0.000667|
5|32768|0.000648|
5|32768|0.000543|
5|32768|0.000516|
5|32768|0.000536|
5|65536|0.000644|
5|65536|0.000671|
5|65536|0.000539|
5|65536|0.000657|
5|65536|0.000519|
5|131072|0.000547|
5|131072|0.000602|
5|131072|0.000601|
5|131072|0.000497|
5|131072|0.000679|
5|262144|0.000581|
5|262144|0.000534|
5|262144|0.00053|
5|262144|0.00054|
5|262144|0.000571|
5|524288|0.000664|
5|524288|0.000588|
5|524288|0.000587|
5|524288|0.00064|
5|524288|0.000578|
5|1048576|0.00064|
5|1048576|0.000514|
5|1048576|0.000614|
5|1048576|0.000581|
5|1048576|0.000567|
6|4|0.000843|
6|4|0.000496|
6|4|0.000883|
6|4|0.000693|
6|4|0.000784|
6|8|0.000811|
6|8|0.000712|
6|8|0.000726|
6|8|0.000688|
6|8|0.000889|
6|16|0.000636|
6|16|0.000814|
6|16|0.000828|
6|16|0.000616|
6|16|0.000684|
6|32|0.000688|
6|32|0.000802|
6|32|0.000781|
6|32|0.000795|
6|32|0.000823|
6|64|0.000695|
6|64|0.000773|
6|64|0.00082|
6|64|0.000786|
6|64|0.000854|
6|128|0.000895|
6|128|0.000863|
6|128|0.000803|
6|128|0.000779|
6|128|0.000653|
6|256|0.000731|
6|256|0.000744|
6|256|0.000596|
6|256|0.000841|
6|256|0.000799|
6|512|0.000806|
6|512|0.000824|
6|512|0.000817|
6|512|0.000821|
6|512|0.000758|
6|1024|0.000722|
6|1024|0.000872|
6|1024|0.000747|
6|1024|0.000764|
6|1024|0.000903|
6|2048|0.000876|
6|2048|0.000921|
6|2048|0.000727|
6|2048|0.000954|
6|2048|0.00067|
6|4096|0.000825|
6|4096|0.000718|
6|4096|0.00088|
6|4096|0.00083|
6|4096|0.000799|
6|8192|0.000702|
6|8192|0.000727|
6|8192|0.000826|
6|8192|0.000846|
6|8192|0.000808|
6|16384|0.000792|
6|16384|0.00061|
6|16384|0.000922|
6|16384|0.000795|
6|16384|0.000715|
6|32768|0.000851|
6|32768|0.000871|
6|32768|0.000772|
6|32768|0.000816|
6|32768|0.000679|
6|65536|0.000734|
6|65536|0.000836|
6|65536|0.000769|
6|65536|0.000866|
6|65536|0.000623|
6|131072|0.000842|
6|131072|0.000945|
6|131072|0.000699|
6|131072|0.000885|
6|131072|0.000814|
6|262144|0.000797|
6|262144|0.000756|
6|262144|0.000897|
6|262144|0.000955|
6|262144|0.00084|
6|524288|0.000835|
6|524288|0.000715|
6|524288|0.000902|
6|524288|0.000713|
6|524288|0.000767|
6|1048576|0.000821|
6|1048576|0.000828|
6|1048576|0.000903|
6|1048576|0.000873|
6|1048576|0.000913|
7|4|0.001144|
7|4|0.001031|
7|4|0.001049|
7|4|0.000872|
7|4|0.001156|
7|8|0.001188|
7|8|0.001109|
7|8|0.0011|
7|8|0.001087|
7|8|0.000901|
7|16|0.001177|
7|16|0.001028|
7|16|0.000909|
7|16|0.001139|
7|16|0.001193|
7|32|0.00118|
7|32|0.000923|
7|32|0.001117|
7|32|0.000964|
7|32|0.001025|
7|64|0.001116|
7|64|0.001257|
7|64|0.00103|
7|64|0.001081|
7|64|0.001188|
7|128|0.00113|
7|128|0.00085|
7|128|0.001036|
7|128|0.001106|
7|128|0.001269|
7|256|0.000958|
7|256|0.001001|
7|256|0.001106|
7|256|0.001172|
7|256|0.001185|
7|512|0.001144|
7|512|0.00102|
7|512|0.001077|
7|512|0.001144|
7|512|0.000949|
7|1024|0.001144|
7|1024|0.000829|
7|1024|0.001137|
7|1024|0.0011|
7|1024|0.000957|
7|2048|0.000861|
7|2048|0.000956|
7|2048|0.001024|
7|2048|0.001212|
7|2048|0.001041|
7|4096|0.00122|
7|4096|0.001236|
7|4096|0.000956|
7|4096|0.001198|
7|4096|0.001277|
7|8192|0.001213|
7|8192|0.0012|
7|8192|0.001144|
7|8192|0.000947|
7|8192|0.001001|
7|16384|0.001109|
7|16384|0.001074|
7|16384|0.001029|
7|16384|0.001197|
7|16384|0.001162|
7|32768|0.001025|
7|32768|0.001195|
7|32768|0.00101|
7|32768|0.001063|
7|32768|0.0011|
7|65536|0.000991|
7|65536|0.001154|
7|65536|0.001171|
7|65536|0.001101|
7|65536|0.001148|
7|131072|0.000986|
7|131072|0.00102|
7|131072|0.001046|
7|131072|0.001305|
7|131072|0.001179|
7|262144|0.001313|
7|262144|0.001191|
7|262144|0.001054|
7|262144|0.001106|
7|262144|0.001186|
7|524288|0.001145|
7|524288|0.001089|
7|524288|0.001064|
7|524288|0.001129|
7|524288|0.00118|
7|1048576|0.00126|
7|1048576|0.000952|
7|1048576|0.001248|
7|1048576|0.000936|
7|1048576|0.001007|
8|4|0.001611|
8|4|0.001641|
8|4|0.001301|
8|4|0.001525|
8|4|0.001535|
8|8|0.001251|
8|8|0.0015|
8|8|0.001235|
8|8|0.00127|
8|8|0.001721|
8|16|0.001445|
8|16|0.001351|
8|16|0.001616|
8|16|0.001397|
8|16|0.001507|
8|32|0.001628|
8|32|0.001379|
8|32|0.001444|
8|32|0.001387|
8|32|0.001339|
8|64|0.001293|
8|64|0.001362|
8|64|0.001698|
8|64|0.001704|
8|64|0.001536|
8|128|0.001742|
8|128|0.001766|
8|128|0.001507|
8|128|0.001085|
8|128|0.001598|
8|256|0.001497|
8|256|0.001476|
8|256|0.0014|
8|256|0.001585|
8|256|0.001378|
8|512|0.001576|
8|512|0.001467|
8|512|0.001696|
8|512|0.001803|
8|512|0.001205|
8|1024|0.001563|
8|1024|0.001647|
8|1024|0.001685|
8|1024|0.001655|
8|1024|0.001417|
8|2048|0.001603|
8|2048|0.001578|
8|2048|0.001687|
8|2048|0.001814|
8|2048|0.001746|
8|4096|0.00163|
8|4096|0.00161|
8|4096|0.001551|
8|4096|0.001316|
8|4096|0.001349|
8|8192|0.001645|
8|8192|0.00174|
8|8192|0.001679|
8|8192|0.001385|
8|8192|0.001396|
8|16384|0.001288|
8|16384|0.001509|
8|16384|0.00149|
8|16384|0.001766|
8|16384|0.001656|
8|32768|0.001332|
8|32768|0.001381|
8|32768|0.001563|
8|32768|0.001394|
8|32768|0.00134|
8|65536|0.001473|
8|65536|0.001837|
8|65536|0.001862|
8|65536|0.001164|
8|65536|0.0013|
8|131072|0.00164|
8|131072|0.001723|
8|131072|0.001442|
8|131072|0.001684|
8|131072|0.001338|
8|262144|0.001849|
8|262144|0.001606|
8|262144|0.001704|
8|262144|0.001123|
8|262144|0.001205|
8|524288|0.001617|
8|524288|0.001372|
8|524288|0.00177|
8|524288|0.001705|
8|524288|0.001461|
8|1048576|0.001648|
8|1048576|0.001215|
8|1048576|0.001518|
8|1048576|0.001672|
8|1048576|0.001559|
9|4|0.001618|
9|4|0.00202|
9|4|0.002197|
9|4|0.002121|
9|4|0.001814|
9|8|0.001876|
9|8|0.001889|
9|8|0.00241|
9|8|0.002082|
9|8|0.002143|
9|16|0.001672|
9|16|0.002082|
9|16|0.001747|
9|16|0.00213|
9|16|0.001962|
9|32|0.002033|
9|32|0.001741|
9|32|0.002125|
9|32|0.002339|
9|32|0.001757|
9|64|0.001739|
9|64|0.002441|
9|64|0.001554|
9|64|0.001627|
9|64|0.001635|
9|128|0.002166|
9|128|0.00252|
9|128|0.002082|
9|128|0.002014|
9|128|0.002145|
9|256|0.002066|
9|256|0.001984|
9|256|0.002119|
9|256|0.002058|
9|256|0.001598|
9|512|0.002456|
9|512|0.001867|
9|512|0.00159|
9|512|0.001467|
9|512|0.002226|
9|1024|0.002397|
9|1024|0.002348|
9|1024|0.002201|
9|1024|0.001525|
9|1024|0.002095|
9|2048|0.001678|
9|2048|0.001904|
9|2048|0.001962|
9|2048|0.001959|
9|2048|0.002166|
9|4096|0.002602|
9|4096|0.002508|
9|4096|0.00201|
9|4096|0.002505|
9|4096|0.001609|
9|8192|0.002161|
9|8192|0.00233|
9|8192|0.001705|
9|8192|0.001957|
9|8192|0.001783|
9|16384|0.002071|
9|16384|0.002361|
9|16384|0.002319|
9|16384|0.001975|
9|16384|0.002353|
9|32768|0.002289|
9|32768|0.001554|
9|32768|0.001805|
9|32768|0.001728|
9|32768|0.001821|
9|65536|0.001707|
9|65536|0.001865|
9|65536|0.002294|
9|65536|0.001852|
9|65536|0.002029|
9|131072|0.002199|
9|131072|0.002379|
9|131072|0.001657|
9|131072|0.002256|
9|131072|0.002492|
9|262144|0.00235|
9|262144|0.001897|
9|262144|0.00203|
9|262144|0.001734|
9|262144|0.001693|
9|524288|0.002579|
9|524288|0.002012|
9|524288|0.002009|
9|524288|0.002137|
9|524288|0.002415|
9|1048576|0.001883|
9|1048576|0.002031|
9|1048576|0.002721|
9|1048576|0.001733|
9|1048576|0.00257|
10|4|0.002958|
10|4|0.002211|
10|4|0.00278|
10|4|0.002835|
10|4|0.002974|
10|8|0.002749|
10|8|0.002706|
10|8|0.002756|
10|8|0.002412|
10|8|0.002221|
10|16|0.002095|
10|16|0.003103|
10|16|0.002322|
10|16|0.002614|
10|16|0.001996|
10|32|0.002174|
10|32|0.002776|
10|32|0.002728|
10|32|0.002923|
10|32|0.00275|
10|64|0.00298|
10|64|0.002987|
10|64|0.00237|
10|64|0.003673|
10|64|0.002572|
10|128|0.002831|
10|128|0.00275|
10|128|0.00359|
10|128|0.002742|
10|128|0.002901|
10|256|0.002644|
10|256|0.002492|
10|256|0.002767|
10|256|0.002271|
10|256|0.002413|
10|512|0.002394|
10|512|0.002635|
10|512|0.002534|
10|512|0.003167|
10|512|0.003459|
10|1024|0.003229|
10|1024|0.002976|
10|1024|0.003244|
10|1024|0.002339|
10|1024|0.002047|
10|2048|0.002897|
10|2048|0.002912|
10|2048|0.002721|
10|2048|0.002421|
10|2048|0.002768|
10|4096|0.003275|
10|4096|0.00297|
10|4096|0.002139|
10|4096|0.002234|
10|4096|0.003331|
10|8192|0.002226|
10|8192|0.003248|
10|8192|0.00328|
10|8192|0.003077|
10|8192|0.002503|
10|16384|0.001743|
10|16384|0.002555|
10|16384|0.002414|
10|16384|0.0028|
10|16384|0.002917|
10|32768|0.00309|
10|32768|0.003313|
10|32768|0.002822|
10|32768|0.003312|
10|32768|0.002763|
10|65536|0.003188|
10|65536|0.002451|
10|65536|0.002781|
10|65536|0.002533|
10|65536|0.002781|
10|131072|0.003181|
10|131072|0.002726|
10|131072|0.003592|
10|131072|0.003002|
10|131072|0.00307|
10|262144|0.003023|
10|262144|0.003126|
10|262144|0.00315|
10|262144|0.003145|
10|262144|0.002848|
10|524288|0.0034|
10|524288|0.003519|
10|524288|0.002051|
10|524288|0.002434|
10|524288|0.002735|
10|1048576|0.002638|
10|1048576|0.002431|
10|1048576|0.003378|
10|1048576|0.002935|
10|1048576|0.003036|
11|4|0.003999|
11|4|0.003488|
11|4|0.00298|
11|4|0.003566|
11|4|0.003959|
11|8|0.002919|
11|8|0.004038|
11|8|0.0044|
11|8|0.004613|
11|8|0.003511|
11|16|0.003344|
11|16|0.003229|
11|16|0.003194|
11|16|0.004203|
11|16|0.004555|
11|32|0.004155|
11|32|0.003824|
11|32|0.002387|
11|32|0.004313|
11|32|0.004029|
11|64|0.003583|
11|64|0.004098|
11|64|0.004534|
11|64|0.00289|
11|64|0.004399|
11|128|0.003944|
11|128|0.00316|
11|128|0.003473|
11|128|0.004145|
11|128|0.004202|
11|256|0.004303|
11|256|0.003936|
11|256|0.003326|
11|256|0.003811|
11|256|0.004014|
11|512|0.003076|
11|512|0.003979|
11|512|0.003981|
11|512|0.003804|
11|512|0.004045|
11|1024|0.003934|
11|1024|0.004919|
11|1024|0.004114|
11|1024|0.00534|
11|1024|0.00509|
11|2048|0.004299|
11|2048|0.004058|
11|2048|0.004795|
11|2048|0.003576|
11|2048|0.005002|
11|4096|0.004323|
11|4096|0.004717|
11|4096|0.004334|
11|4096|0.004469|
11|4096|0.00373|
11|8192|0.003454|
11|8192|0.004516|
11|8192|0.004523|
11|8192|0.003321|
11|8192|0.004527|
11|16384|0.005931|
11|16384|0.003199|
11|16384|0.005527|
11|16384|0.005149|
11|16384|0.003652|
11|32768|0.004973|
11|32768|0.003265|
11|32768|0.004085|
11|32768|0.006126|
11|32768|0.00431|
11|65536|0.00603|
11|65536|0.005514|
11|65536|0.006628|
11|65536|0.005953|
11|65536|0.003037|
11|131072|0.004857|
11|131072|0.00474|
11|131072|0.003803|
11|131072|0.005486|
11|131072|0.005884|
11|262144|0.003863|
11|262144|0.006172|
11|262144|0.004886|
11|262144|0.005809|
11|262144|0.005891|
11|524288|0.004831|
11|524288|0.004298|
11|524288|0.005397|
11|524288|0.005093|
11|524288|0.006469|
11|1048576|0.005452|
11|1048576|0.0045|
11|1048576|0.004913|
11|1048576|0.005109|
11|1048576|0.008084|
12|4|0.016931|
12|4|0.009586|
12|4|0.016527|
12|4|0.015789|
12|4|0.014999|
12|8|0.005787|
12|8|0.01139|
12|8|0.013054|
12|8|0.014131|
12|8|0.015771|
12|16|0.014095|
12|16|0.010902|
12|16|0.014173|
12|16|0.012569|
12|16|0.011856|
12|32|0.010328|
12|32|0.00831|
12|32|0.012644|
12|32|0.014416|
12|32|0.014348|
12|64|0.015302|
12|64|0.012569|
12|64|0.01264|
12|64|0.013449|
12|64|0.015696|
12|128|0.014863|
12|128|0.010906|
12|128|0.010181|
12|128|0.013804|
12|128|0.011298|
12|256|0.012939|
12|256|0.011823|
12|256|0.014293|
12|256|0.011765|
12|256|0.01674|
12|512|0.013017|
12|512|0.012298|
12|512|0.011452|
12|512|0.013841|
12|512|0.016682|
12|1024|0.012968|
12|1024|0.012495|
12|1024|0.016565|
12|1024|0.013734|
12|1024|0.0131|
12|2048|0.013444|
12|2048|0.014344|
12|2048|0.008484|
12|2048|0.016819|
12|2048|0.014144|
12|4096|0.013996|
12|4096|0.012615|
12|4096|0.016403|
12|4096|0.015876|
12|4096|0.013873|
12|8192|0.016291|
12|8192|0.013565|
12|8192|0.017027|
12|8192|0.010978|
12|8192|0.013566|
12|16384|0.011365|
12|16384|0.009527|
12|16384|0.015786|
12|16384|0.015936|
12|16384|0.011237|
12|32768|0.005315|
12|32768|0.007056|
12|32768|0.005422|
12|32768|0.005776|
12|32768|0.00467|
12|65536|0.008564|
12|65536|0.008968|
12|65536|0.007981|
12|65536|0.004726|
12|65536|0.0068|
12|131072|0.004367|
12|131072|0.007188|
12|131072|0.008481|
12|131072|0.008181|
12|131072|0.007147|
12|262144|0.007375|
12|262144|0.005759|
12|262144|0.007433|
12|262144|0.005696|
12|262144|0.00644|
12|524288|0.007432|
12|524288|0.006893|
12|524288|0.00681|
12|524288|0.006232|
12|524288|0.008874|
12|1048576|0.0073|
12|1048576|0.00585|
12|1048576|0.0056|
12|1048576|0.006437|
12|1048576|0.007139|
13|4|0.009316|
13|4|0.007223|
13|4|0.005941|
13|4|0.009296|
13|4|0.010977|
13|8|0.01079|
13|8|0.009588|
13|8|0.010613|
13|8|0.006021|
13|8|0.012392|
13|16|0.00999|
13|16|0.011367|
13|16|0.00787|
13|16|0.006527|
13|16|0.008104|
13|32|0.007018|
13|32|0.006873|
13|32|0.010933|
13|32|0.008549|
13|32|0.010921|
13|64|0.008892|
13|64|0.009081|
13|64|0.007816|
13|64|0.008727|
13|64|0.008965|
13|128|0.008228|
13|128|0.007512|
13|128|0.009276|
13|128|0.008182|
13|128|0.009638|
13|256|0.013475|
13|256|0.024575|
13|256|0.023682|
13|256|0.016005|
13|256|0.020376|
13|512|0.02132|
13|512|0.015429|
13|512|0.017215|
13|512|0.014883|
13|512|0.018038|
13|1024|0.018133|
13|1024|0.014484|
13|1024|0.012373|
13|1024|0.006335|
13|1024|0.009024|
13|2048|0.007861|
13|2048|0.005561|
13|2048|0.010532|
13|2048|0.007383|
13|2048|0.011408|
13|4096|0.007206|
13|4096|0.00935|
13|4096|0.008098|
13|4096|0.011448|
13|4096|0.010147|
13|8192|0.009849|
13|8192|0.009552|
13|8192|0.008232|
13|8192|0.009062|
13|8192|0.01191|
13|16384|0.012101|
13|16384|0.0122|
13|16384|0.009755|
13|16384|0.009001|
13|16384|0.011653|
13|32768|0.015401|
13|32768|0.015156|
13|32768|0.013325|
13|32768|0.019996|
13|32768|0.019939|
13|65536|0.018833|
13|65536|0.012934|
13|65536|0.018189|
13|65536|0.022|
13|65536|0.016378|
13|131072|0.011731|
13|131072|0.016176|
13|131072|0.015183|
13|131072|0.007064|
13|131072|0.01038|
13|262144|0.00922|
13|262144|0.007682|
13|262144|0.010199|
13|262144|0.008817|
13|262144|0.007689|
13|524288|0.00832|
13|524288|0.008123|
13|524288|0.00787|
13|524288|0.00778|
13|524288|0.004767|
13|1048576|0.006896|
13|1048576|0.010567|
13|1048576|0.011871|
13|1048576|0.009003|
13|1048576|0.00914|
14|4|0.00767|
14|4|0.012259|
14|4|0.010709|
14|4|0.029816|
14|4|0.025335|
14|8|0.023969|
14|8|0.030389|
14|8|0.023264|
14|8|0.020125|
14|8|0.02759|
14|16|0.013784|
14|16|0.014032|
14|16|0.014721|
14|16|0.01365|
14|16|0.006113|
14|32|0.01309|
14|32|0.012599|
14|32|0.012628|
14|32|0.01095|
14|32|0.013199|
14|64|0.011271|
14|64|0.010737|
14|64|0.014233|
14|64|0.014443|
14|64|0.009283|
14|128|0.015407|
14|128|0.0123|
14|128|0.012289|
14|128|0.028024|
14|128|0.027781|
14|256|0.020865|
14|256|0.022677|
14|256|0.015052|
14|256|0.024781|
14|256|0.022088|
14|512|0.026782|
14|512|0.026242|
14|512|0.007758|
14|512|0.006542|
14|512|0.015175|
14|1024|0.013127|
14|1024|0.011073|
14|1024|0.010303|
14|1024|0.005392|
14|1024|0.011721|
14|2048|0.014629|
14|2048|0.012388|
14|2048|0.014791|
14|2048|0.010411|
14|2048|0.01107|
14|4096|0.012115|
14|4096|0.009366|
14|4096|0.01161|
14|4096|0.006515|
14|4096|0.019687|
14|8192|0.022886|
14|8192|0.028686|
14|8192|0.017614|
14|8192|0.010044|
14|8192|0.015678|
14|16384|0.017034|
14|16384|0.025096|
14|16384|0.019904|
14|16384|0.029898|
14|16384|0.027764|
14|32768|0.007106|
14|32768|0.012911|
14|32768|0.01212|
14|32768|0.012212|
14|32768|0.01063|
14|65536|0.009796|
14|65536|0.011516|
14|65536|0.012504|
14|65536|0.008809|
14|65536|0.007286|
14|131072|0.011372|
14|131072|0.009889|
14|131072|0.016831|
14|131072|0.008868|
14|131072|0.012151|
14|262144|0.010375|
14|262144|0.01077|
14|262144|0.013429|
14|262144|0.020217|
14|262144|0.013971|
14|524288|0.029596|
14|524288|0.02477|
14|524288|0.028582|
14|524288|0.018024|
14|524288|0.021956|
14|1048576|0.025549|
14|1048576|0.019169|
14|1048576|0.022897|
14|1048576|0.010168|
14|1048576|0.010825|
15|4|0.017253|
15|4|0.008426|
15|4|0.013996|
15|4|0.015503|
15|4|0.019728|
15|8|0.018655|
15|8|0.012639|
15|8|0.012493|
15|8|0.014924|
15|8|0.013638|
15|16|0.015346|
15|16|0.032889|
15|16|0.015795|
15|16|0.03277|
15|16|0.03272|
15|32|0.030065|
15|32|0.034598|
15|32|0.025957|
15|32|0.018199|
15|32|0.018693|
15|64|0.016953|
15|64|0.009994|
15|64|0.014623|
15|64|0.018638|
15|64|0.016911|
15|128|0.017514|
15|128|0.015097|
15|128|0.014975|
15|128|0.010239|
15|128|0.014495|
15|256|0.017751|
15|256|0.011042|
15|256|0.020207|
15|256|0.018613|
15|256|0.027141|
15|512|0.036387|
15|512|0.016367|
15|512|0.021725|
15|512|0.024203|
15|512|0.022518|
15|1024|0.018434|
15|1024|0.009643|
15|1024|0.013597|
15|1024|0.016037|
15|1024|0.019612|
15|2048|0.018506|
15|2048|0.013271|
15|2048|0.008207|
15|2048|0.021994|
15|2048|0.014338|
15|4096|0.013064|
15|4096|0.008563|
15|4096|0.0168|
15|4096|0.013975|
15|4096|0.02481|
15|8192|0.028944|
15|8192|0.038458|
15|8192|0.025927|
15|8192|0.038363|
15|8192|0.031206|
15|16384|0.022761|
15|16384|0.019883|
15|16384|0.010686|
15|16384|0.015748|
15|16384|0.010373|
15|32768|0.019444|
15|32768|0.016906|
15|32768|0.010655|
15|32768|0.015887|
15|32768|0.015316|
15|65536|0.016416|
15|65536|0.018172|
15|65536|0.028088|
15|65536|0.043718|
15|65536|0.034429|
15|131072|0.022611|
15|131072|0.038826|
15|131072|0.032293|
15|131072|0.02508|
15|131072|0.016954|
15|262144|0.019346|
15|262144|0.018657|
15|262144|0.014909|
15|262144|0.017555|
15|262144|0.017088|
15|524288|0.010803|
15|524288|0.014138|
15|524288|0.018902|
15|524288|0.01563|
15|524288|0.017452|
15|1048576|0.014611|
15|1048576|0.032511|
15|1048576|0.024027|
15|1048576|0.030894|
15|1048576|0.04108|
16|4|0.049735|
16|4|0.0282|
16|4|0.021434|
16|4|0.020163|
16|4|0.023596|
16|8|0.022701|
16|8|0.020886|
16|8|0.021644|
16|8|0.020557|
16|8|0.008876|
16|16|0.020202|
16|16|0.014413|
16|16|0.027509|
16|16|0.020725|
16|16|0.036786|
16|32|0.042736|
16|32|0.054735|
16|32|0.04454|
16|32|0.044388|
16|32|0.02682|
16|64|0.025247|
16|64|0.006151|
16|64|0.014782|
16|64|0.012786|
16|64|0.024469|
16|128|0.01341|
16|128|0.019853|
16|128|0.021925|
16|128|0.018434|
16|128|0.020853|
16|256|0.022818|
16|256|0.018875|
16|256|0.033394|
16|256|0.031998|
16|256|0.019665|
16|512|0.037539|
16|512|0.046601|
16|512|0.029585|
16|512|0.02086|
16|512|0.013129|
16|1024|0.016174|
16|1024|0.024141|
16|1024|0.00609|
16|1024|0.016248|
16|1024|0.017986|
16|2048|0.014707|
16|2048|0.016309|
16|2048|0.020923|
16|2048|0.018837|
16|2048|0.012371|
16|4096|0.014154|
16|4096|0.033853|
16|4096|0.033231|
16|4096|0.027333|
16|4096|0.043347|
16|8192|0.044663|
16|8192|0.022861|
16|8192|0.022086|
16|8192|0.027994|
16|8192|0.026061|
16|16384|0.017827|
16|16384|0.026445|
16|16384|0.018883|
16|16384|0.019358|
16|16384|0.014102|
16|32768|0.018777|
16|32768|0.023924|
16|32768|0.016999|
16|32768|0.035316|
16|32768|0.035544|
16|65536|0.023882|
16|65536|0.023096|
16|65536|0.051044|
16|65536|0.034457|
16|65536|0.016632|
16|131072|0.026613|
16|131072|0.026353|
16|131072|0.012692|
16|131072|0.02344|
16|131072|0.019836|
16|262144|0.015882|
16|262144|0.01414|
16|262144|0.015829|
16|262144|0.012307|
16|262144|0.01884|
16|524288|0.021484|
16|524288|0.040663|
16|524288|0.043272|
16|524288|0.026353|
16|524288|0.048294|
16|1048576|0.031421|
16|1048576|0.026533|
16|1048576|0.019218|
16|1048576|0.025791|
16|1048576|0.013646|
17|4|0.021468|
17|4|0.018712|
17|4|0.028504|
17|4|0.030055|
17|4|0.029733|
17|8|0.022493|
17|8|0.031786|
17|8|0.032988|
17|8|0.062853|
17|8|0.056594|
17|16|0.058693|
17|16|0.026555|
17|16|0.028018|
17|16|0.027007|
17|16|0.022562|
17|32|0.023259|
17|32|0.033338|
17|32|0.015462|
17|32|0.017518|
17|32|0.023079|
17|64|0.028458|
17|64|0.026023|
17|64|0.050267|
17|64|0.043677|
17|64|0.050914|
17|128|0.037177|
17|128|0.031425|
17|128|0.017809|
17|128|0.01809|
17|128|0.029371|
17|256|0.022849|
17|256|0.019936|
17|256|0.015857|
17|256|0.020489|
17|256|0.018811|
17|512|0.026116|
17|512|0.02579|
17|512|0.075465|
17|512|0.046458|
17|512|0.05079|
17|1024|0.024984|
17|1024|0.02114|
17|1024|0.029667|
17|1024|0.026259|
17|1024|0.023304|
17|2048|0.023791|
17|2048|0.014376|
17|2048|0.020293|
17|2048|0.031337|
17|2048|0.040226|
17|4096|0.056864|
17|4096|0.049899|
17|4096|0.052925|
17|4096|0.020129|
17|4096|0.015468|
17|8192|0.024196|
17|8192|0.031104|
17|8192|0.028358|
17|8192|0.021057|
17|8192|0.021523|
17|16384|0.028194|
17|16384|0.035772|
17|16384|0.021382|
17|16384|0.047086|
17|16384|0.043356|
17|32768|0.052617|
17|32768|0.04027|
17|32768|0.036783|
17|32768|0.032323|
17|32768|0.027102|
17|65536|0.027065|
17|65536|0.028676|
17|65536|0.012162|
17|65536|0.032358|
17|65536|0.035707|
17|131072|0.018055|
17|131072|0.02865|
17|131072|0.059013|
17|131072|0.056367|
17|131072|0.056944|
17|262144|0.029763|
17|262144|0.027004|
17|262144|0.02571|
17|262144|0.019171|
17|262144|0.02728|
17|524288|0.034962|
17|524288|0.029626|
17|524288|0.028709|
17|524288|0.019376|
17|524288|0.031315|
17|1048576|0.044093|
17|1048576|0.026501|
17|1048576|0.046206|
17|1048576|0.059418|
17|1048576|0.015795|
18|4|0.028351|
18|4|0.024139|
18|4|0.042124|
18|4|0.043905|
18|4|0.015389|
18|8|0.034847|
18|8|0.022773|
18|8|0.054291|
18|8|0.06586|
18|8|0.074386|
18|16|0.017169|
18|16|0.029332|
18|16|0.028135|
18|16|0.029928|
18|16|0.016884|
18|32|0.035568|
18|32|0.023022|
18|32|0.025857|
18|32|0.030118|
18|32|0.056932|
18|64|0.053131|
18|64|0.047324|
18|64|0.051202|
18|64|0.023653|
18|64|0.028431|
18|128|0.030594|
18|128|0.038139|
18|128|0.023823|
18|128|0.042247|
18|128|0.037976|
18|256|0.013767|
18|256|0.075986|
18|256|0.048749|
18|256|0.037892|
18|256|0.056684|
18|512|0.026172|
18|512|0.020553|
18|512|0.037117|
18|512|0.02316|
18|512|0.035436|
18|1024|0.026772|
18|1024|0.0481|
18|1024|0.067186|
18|1024|0.061919|
18|1024|0.033204|
18|2048|0.048796|
18|2048|0.029833|
18|2048|0.032596|
18|2048|0.022201|
18|2048|0.022804|
18|4096|0.040088|
18|4096|0.019463|
18|4096|0.033989|
18|4096|0.083593|
18|4096|0.046697|
18|8192|0.052201|
18|8192|0.033547|
18|8192|0.024432|
18|8192|0.025806|
18|8192|0.030135|
18|16384|0.034241|
18|16384|0.02619|
18|16384|0.040227|
18|16384|0.037905|
18|16384|0.055889|
18|32768|0.071716|
18|32768|0.049487|
18|32768|0.032454|
18|32768|0.02434|
18|32768|0.028564|
18|65536|0.041808|
18|65536|0.024469|
18|65536|0.028648|
18|65536|0.024806|
18|65536|0.041812|
18|131072|0.009097|
18|131072|0.037773|
18|131072|0.081086|
18|131072|0.075882|
18|131072|0.044622|
18|262144|0.032616|
18|262144|0.019472|
18|262144|0.036846|
18|262144|0.040084|
18|262144|0.046515|
18|524288|0.038189|
18|524288|0.025915|
18|524288|0.052026|
18|524288|0.084049|
18|524288|0.049866|
18|1048576|0.048137|
18|1048576|0.006564|
18|1048576|0.035802|
18|1048576|0.029037|
18|1048576|0.0368|
19|4|0.016209|
19|4|0.022715|
19|4|0.030018|
19|4|0.02931|
19|4|0.084073|
19|8|0.05833|
19|8|0.070146|
19|8|0.030296|
19|8|0.037458|
19|8|0.051957|
19|16|0.038543|
19|16|0.037377|
19|16|0.056254|
19|16|0.060771|
19|16|0.101787|
19|32|0.061916|
19|32|0.016796|
19|32|0.050397|
19|32|0.036026|
19|32|0.04025|
19|64|0.036577|
19|64|0.057235|
19|64|0.015192|
19|64|0.020976|
19|64|0.086911|
19|128|0.053278|
19|128|0.072434|
19|128|0.037522|
19|128|0.048632|
19|128|0.031183|
19|256|0.039329|
19|256|0.029932|
19|256|0.06108|
19|256|0.035242|
19|256|0.107649|
19|512|0.087267|
19|512|0.04452|
19|512|0.029489|
19|512|0.032081|
19|512|0.035787|
19|1024|0.038768|
19|1024|0.060899|
19|1024|0.042965|
19|1024|0.096789|
19|1024|0.060127|
19|2048|0.046085|
19|2048|0.037737|
19|2048|0.040543|
19|2048|0.042815|
19|2048|0.040846|
19|4096|0.056627|
19|4096|0.080947|
19|4096|0.10014|
19|4096|0.024638|
19|4096|0.021582|
19|8192|0.05169|
19|8192|0.048281|
19|8192|0.055769|
19|8192|0.062783|
19|8192|0.049913|
19|16384|0.06033|
19|16384|0.060728|
19|16384|0.059445|
19|16384|0.055014|
19|16384|0.027304|
19|32768|0.047802|
19|32768|0.049356|
19|32768|0.033517|
19|32768|0.022372|
19|32768|0.051446|
19|65536|0.118838|
19|65536|0.056971|
19|65536|0.052455|
19|65536|0.017832|
19|65536|0.027896|
19|131072|0.051151|
19|131072|0.029718|
19|131072|0.052444|
19|131072|0.07645|
19|131072|0.109335|
19|262144|0.062647|
19|262144|0.043538|
19|262144|0.020668|
19|262144|0.04343|
19|262144|0.024939|
19|524288|0.029494|
19|524288|0.049157|
19|524288|0.052245|
19|524288|0.08991|
19|524288|0.043952|
19|1048576|0.045199|
19|1048576|0.054316|
19|1048576|0.057951|
19|1048576|0.020811|
19|1048576|0.051091|
20|4|0.051385|
20|4|0.03258|
20|4|0.093031|
20|4|0.081081|
20|4|0.060002|
20|8|0.06025|
20|8|0.044481|
20|8|0.041541|
20|8|0.036324|
20|8|0.057414|
20|16|0.077615|
20|16|0.050511|
20|16|0.061265|
20|16|0.053736|
20|16|0.055967|
20|32|0.035233|
20|32|0.02661|
20|32|0.037564|
20|32|0.066289|
20|32|0.057486|
20|64|0.063575|
20|64|0.065946|
20|64|0.041096|
20|64|0.049377|
20|64|0.023659|
20|128|0.02467|
20|128|0.057984|
20|128|0.036231|
20|128|0.032387|
20|128|0.086695|
20|256|0.101215|
20|256|0.040499|
20|256|0.062032|
20|256|0.049777|
20|256|0.043188|
20|512|0.028502|
20|512|0.0836|
20|512|0.07356|
20|512|0.087632|
20|512|0.055461|
20|1024|0.056918|
20|1024|0.067285|
20|1024|0.031618|
20|1024|0.034258|
20|1024|0.056126|
20|2048|0.110738|
20|2048|0.055084|
20|2048|0.036511|
20|2048|0.055091|
20|2048|0.053221|
20|4096|0.037114|
20|4096|0.050765|
20|4096|0.072163|
20|4096|0.074587|
20|4096|0.090637|
20|8192|0.05389|
20|8192|0.073744|
20|8192|0.064028|
20|8192|0.044841|
20|8192|0.042594|
20|16384|0.072316|
20|16384|0.061885|
20|16384|0.053242|
20|16384|0.016236|
20|16384|0.044763|
20|32768|0.037613|
20|32768|0.039987|
20|32768|0.070117|
20|32768|0.020393|
20|32768|0.109203|
20|65536|0.102631|
20|65536|0.069064|
20|65536|0.049338|
20|65536|0.052943|
20|65536|0.02403|
20|131072|0.058874|
20|131072|0.101361|
20|131072|0.067961|
20|131072|0.026116|
20|131072|0.057918|
20|262144|0.057523|
20|262144|0.027847|
20|262144|0.025766|
20|262144|0.034983|
20|262144|0.059795|
20|524288|0.04484|
20|524288|0.105952|
20|524288|0.065804|
20|524288|0.074216|
20|524288|0.043616|
20|1048576|0.064844|
20|1048576|0.050053|
20|1048576|0.0358|
20|1048576|0.040633|
20|1048576|0.101445|
21|4|0.083147|
21|4|0.0679|
21|4|0.070182|
21|4|0.068927|
21|4|0.081286|
21|8|0.046724|
21|8|0.066169|
21|8|0.129252|
21|8|0.062131|
21|8|0.022506|
21|16|0.03146|
21|16|0.056683|
21|16|0.044844|
21|16|0.052225|
21|16|0.059434|
21|32|0.09076|
21|32|0.106734|
21|32|0.057536|
21|32|0.062005|
21|32|0.02996|
21|64|0.068421|
21|64|0.128974|
21|64|0.121978|
21|64|0.035532|
21|64|0.080363|
21|128|0.072527|
21|128|0.059913|
21|128|0.057472|
21|128|0.096876|
21|128|0.054205|
21|256|0.107733|
21|256|0.042848|
21|256|0.08681|
21|256|0.042284|
21|256|0.043098|
21|512|0.041148|
21|512|0.069191|
21|512|0.131316|
21|512|0.09238|
21|512|0.077295|
21|1024|0.045841|
21|1024|0.067191|
21|1024|0.105438|
21|1024|0.126784|
21|1024|0.03366|
21|2048|0.076746|
21|2048|0.028019|
21|2048|0.078038|
21|2048|0.066802|
21|2048|0.080474|
21|4096|0.092577|
21|4096|0.066412|
21|4096|0.064684|
21|4096|0.09427|
21|4096|0.055953|
21|8192|0.132592|
21|8192|0.108353|
21|8192|0.048502|
21|8192|0.078753|
21|8192|0.057722|
21|16384|0.041247|
21|16384|0.075901|
21|16384|0.154862|
21|16384|0.047327|
21|16384|0.043172|
21|32768|0.057651|
21|32768|0.060371|
21|32768|0.131804|
21|32768|0.112816|
21|32768|0.063963|
21|65536|0.061171|
21|65536|0.048829|
21|65536|0.037576|
21|65536|0.066854|
21|65536|0.102786|
21|131072|0.121394|
21|131072|0.08926|
21|131072|0.058532|
21|131072|0.032644|
21|131072|0.08875|
21|262144|0.070163|
21|262144|0.060843|
21|262144|0.094318|
21|262144|0.069116|
21|262144|0.043034|
21|524288|0.078814|
21|524288|0.070179|
21|524288|0.049359|
21|524288|0.193249|
21|524288|0.066742|
21|1048576|0.072435|
21|1048576|0.055536|
21|1048576|0.056529|
21|1048576|0.060816|
21|1048576|0.031988|
22|4|0.201178|
22|4|0.089843|
22|4|0.085758|
22|4|0.058197|
22|4|0.080018|
22|8|0.075652|
22|8|0.174653|
22|8|0.087685|
22|8|0.0999|
22|8|0.110587|
22|16|0.093778|
22|16|0.134815|
22|16|0.092026|
22|16|0.07888|
22|16|0.105623|
22|32|0.086922|
22|32|0.118749|
22|32|0.115014|
22|32|0.07826|
22|32|0.076587|
22|64|0.10543|
22|64|0.055453|
22|64|0.150752|
22|64|0.108847|
22|64|0.057497|
22|128|0.078299|
22|128|0.033873|
22|128|0.202617|
22|128|0.084584|
22|128|0.029058|
22|256|0.080936|
22|256|0.110727|
22|256|0.09422|
22|256|0.116205|
22|256|0.11826|
22|512|0.084336|
22|512|0.10729|
22|512|0.133909|
22|512|0.125517|
22|512|0.089958|
22|1024|0.127253|
22|1024|0.045429|
22|1024|0.101512|
22|1024|0.142798|
22|1024|0.101773|
22|2048|0.089312|
22|2048|0.066769|
22|2048|0.123282|
22|2048|0.10683|
22|2048|0.074302|
22|4096|0.067791|
22|4096|0.11182|
22|4096|0.055965|
22|4096|0.132259|
22|4096|0.07759|
22|8192|0.067724|
22|8192|0.052893|
22|8192|0.042337|
22|8192|0.059261|
22|8192|0.071058|
22|16384|0.03122|
22|16384|0.164719|
22|16384|0.09358|
22|16384|0.082275|
22|16384|0.072857|
22|32768|0.051789|
22|32768|0.038217|
22|32768|0.171786|
22|32768|0.086569|
22|32768|0.111614|
22|65536|0.131347|
22|65536|0.190282|
22|65536|0.089304|
22|65536|0.074764|
22|65536|0.080187|
22|131072|0.104917|
22|131072|0.087325|
22|131072|0.165158|
22|131072|0.047679|
22|131072|0.103299|
22|262144|0.043586|
22|262144|0.103753|
22|262144|0.083293|
22|262144|0.162839|
22|262144|0.104051|
22|524288|0.059374|
22|524288|0.070318|
22|524288|0.125212|
22|524288|0.123815|
22|524288|0.105296|
22|1048576|0.082037|
22|1048576|0.121786|
22|1048576|0.047268|
22|1048576|0.120895|
22|1048576|0.109701|
23|4|0.100855|
23|4|0.067805|
23|4|0.079927|
23|4|0.039024|
23|4|0.126607|
23|8|0.102629|
23|8|0.067004|
23|8|0.107076|
23|8|0.101016|
23|8|0.197416|
23|16|0.041543|
23|16|0.158584|
23|16|0.09204|
23|16|0.205007|
23|16|0.063593|
23|32|0.143692|
23|32|0.070022|
23|32|0.095999|
23|32|0.153797|
23|32|0.062085|
23|64|0.120677|
23|64|0.091983|
23|64|0.064324|
23|64|0.060525|
23|64|0.190447|
23|128|0.05376|
23|128|0.118139|
23|128|0.042276|
23|128|0.070095|
23|128|0.063288|
23|256|0.165615|
23|256|0.083162|
23|256|0.061336|
23|256|0.049104|
23|256|0.055982|
23|512|0.177009|
23|512|0.144811|
23|512|0.097616|
23|512|0.077802|
23|512|0.143059|
23|1024|0.171581|
23|1024|0.111215|
23|1024|0.052343|
23|1024|0.052141|
23|1024|0.128296|
23|2048|0.081267|
23|2048|0.09455|
23|2048|0.132027|
23|2048|0.124076|
23|2048|0.0601|
23|4096|0.106945|
23|4096|0.14859|
23|4096|0.086602|
23|4096|0.098515|
23|4096|0.126043|
23|8192|0.064722|
23|8192|0.109386|
23|8192|0.170539|
23|8192|0.114579|
23|8192|0.106589|
23|16384|0.096683|
23|16384|0.201011|
23|16384|0.127182|
23|16384|0.065023|
23|16384|0.122447|
23|32768|0.061463|
23|32768|0.200491|
23|32768|0.120219|
23|32768|0.07768|
23|32768|0.043785|
23|65536|0.141012|
23|65536|0.126658|
23|65536|0.129424|
23|65536|0.128806|
23|65536|0.084721|
23|131072|0.162793|
23|131072|0.125547|
23|131072|0.080925|
23|131072|0.097626|
23|131072|0.074037|
23|262144|0.074654|
23|262144|0.151092|
23|262144|0.071952|
23|262144|0.096874|
23|262144|0.132143|
23|524288|0.103622|
23|524288|0.117613|
23|524288|0.100669|
23|524288|0.066261|
23|524288|0.076745|
23|1048576|0.055016|
23|1048576|0.166109|
23|1048576|0.149061|
23|1048576|0.037695|
23|1048576|0.127726|
24|4|0.057101|
24|4|0.077427|
24|4|0.195127|
24|4|0.090208|
24|4|0.123147|
24|8|0.119862|
24|8|0.149457|
24|8|0.127717|
24|8|0.167157|
24|8|0.135599|
24|16|0.228538|
24|16|0.097347|
24|16|0.099377|
24|16|0.145872|
24|16|0.247527|
24|32|0.096704|
24|32|0.176206|
24|32|0.066394|
24|32|0.071886|
24|32|0.260826|
24|64|0.122606|
24|64|0.066348|
24|64|0.145297|
24|64|0.238014|
24|64|0.066006|
24|128|0.11322|
24|128|0.104472|
24|128|0.144399|
24|128|0.10977|
24|128|0.147201|
24|256|0.133407|
24|256|0.105526|
24|256|0.097971|
24|256|0.249957|
24|256|0.167292|
24|512|0.167497|
24|512|0.11017|
24|512|0.242122|
24|512|0.087573|
24|512|0.077732|
24|1024|0.043122|
24|1024|0.162908|
24|1024|0.137523|
24|1024|0.118941|
24|1024|0.073906|
24|2048|0.067051|
24|2048|0.275495|
24|2048|0.145474|
24|2048|0.074714|
24|2048|0.147419|
24|4096|0.207524|
24|4096|0.093784|
24|4096|0.093044|
24|4096|0.170184|
24|4096|0.141662|
24|8192|0.117476|
24|8192|0.082332|
24|8192|0.152196|
24|8192|0.074701|
24|8192|0.183033|
24|16384|0.179468|
24|16384|0.071495|
24|16384|0.113577|
24|16384|0.239926|
24|16384|0.084167|
24|32768|0.123647|
24|32768|0.072904|
24|32768|0.179959|
24|32768|0.098565|
24|32768|0.045688|
24|65536|0.100603|
24|65536|0.093389|
24|65536|0.179723|
24|65536|0.218525|
24|65536|0.101595|
24|131072|0.100405|
24|131072|0.07663|
24|131072|0.04412|
24|131072|0.134888|
24|131072|0.188414|
24|262144|0.149756|
24|262144|0.087083|
24|262144|0.216256|
24|262144|0.227958|
24|262144|0.156608|
24|524288|0.081925|
24|524288|0.129652|
24|524288|0.174358|
24|524288|0.144163|
24|524288|0.152722|
24|1048576|0.107365|
24|1048576|0.111779|
24|1048576|0.187505|
24|1048576|0.12762|
24|1048576|0.084496|
25|4|0.166582|
25|4|0.160853|
25|4|0.090637|
25|4|0.107356|
25|4|0.153362|
25|8|0.158965|
25|8|0.114958|
25|8|0.147621|
25|8|0.064943|
25|8|0.096948|
25|16|0.114451|
25|16|0.251749|
25|16|0.152909|
25|16|0.120355|
25|16|0.075552|
25|32|0.234434|
25|32|0.110311|
25|32|0.109928|
25|32|0.161206|
25|32|0.085367|
25|64|0.219038|
25|64|0.123719|
25|64|0.140274|
25|64|0.088936|
25|64|0.059928|
25|128|0.21416|
25|128|0.122233|
25|128|0.143894|
25|128|0.296417|
25|128|0.214238|
25|256|0.084059|
25|256|0.123869|
25|256|0.167265|
25|256|0.124236|
25|256|0.130281|
25|512|0.190999|
25|512|0.195968|
25|512|0.105064|
25|512|0.17545|
25|512|0.142958|
25|1024|0.075119|
25|1024|0.292292|
25|1024|0.140877|
25|1024|0.157732|
25|1024|0.118064|
25|2048|0.10593|
25|2048|0.213419|
25|2048|0.181739|
25|2048|0.056703|
25|2048|0.084936|
25|4096|0.141311|
25|4096|0.130638|
25|4096|0.150791|
25|4096|0.270133|
25|4096|0.132576|
25|8192|0.103942|
25|8192|0.288514|
25|8192|0.191217|
25|8192|0.19058|
25|8192|0.175779|
25|16384|0.146465|
25|16384|0.127908|
25|16384|0.081457|
25|16384|0.184134|
25|16384|0.242814|
25|32768|0.196849|
25|32768|0.184255|
25|32768|0.053522|
25|32768|0.130643|
25|32768|0.189941|
25|65536|0.232497|
25|65536|0.197867|
25|65536|0.156293|
25|65536|0.227494|
25|65536|0.168895|
25|131072|0.130064|
25|131072|0.137318|
25|131072|0.083714|
25|131072|0.152129|
25|131072|0.109842|
25|262144|0.059347|
25|262144|0.114325|
25|262144|0.137882|
25|262144|0.250263|
25|262144|0.14869|
25|524288|0.050541|
25|524288|0.113726|
25|524288|0.093205|
25|524288|0.213595|
25|524288|0.228244|
25|1048576|0.172343|
25|1048576|0.261299|
25|1048576|0.045094|
25|1048576|0.14012|
25|1048576|0.119375|
26|4|0.146593|
26|4|0.160755|
26|4|0.147473|
26|4|0.100633|
26|4|0.165989|
26|8|0.26765|
26|8|0.1921|
26|8|0.192089|
26|8|0.166672|
26|8|0.068516|
26|16|0.139823|
26|16|0.29667|
26|16|0.217537|
26|16|0.259166|
26|16|0.222178|
26|32|0.136435|
26|32|0.255639|
26|32|0.32251|
26|32|0.197112|
26|32|0.241024|
26|64|0.287866|
26|64|0.24401|
26|64|0.125238|
26|64|0.214757|
26|64|0.246581|
26|128|0.200811|
26|128|0.274464|
26|128|0.191272|
26|128|0.208634|
26|128|0.154056|
26|256|0.189948|
26|256|0.129951|
26|256|0.238982|
26|256|0.146923|
26|256|0.236619|
26|512|0.050301|
26|512|0.156233|
26|512|0.252732|
26|512|0.117953|
26|512|0.172747|
26|1024|0.097806|
26|1024|0.237346|
26|1024|0.098327|
26|1024|0.242043|
26|1024|0.187744|
26|2048|0.249522|
26|2048|0.147576|
26|2048|0.169615|
26|2048|0.088386|
26|2048|0.126894|
26|4096|0.195284|
26|4096|0.147196|
26|4096|0.081814|
26|4096|0.136586|
26|4096|0.221153|
26|8192|0.141682|
26|8192|0.126476|
26|8192|0.189547|
26|8192|0.267305|
26|8192|0.269126|
26|16384|0.146047|
26|16384|0.247694|
26|16384|0.226853|
26|16384|0.124811|
26|16384|0.103543|
26|32768|0.059089|
26|32768|0.239527|
26|32768|0.162397|
26|32768|0.23804|
26|32768|0.08259|
26|65536|0.268409|
26|65536|0.164697|
26|65536|0.26831|
26|65536|0.160204|
26|65536|0.141583|
26|131072|0.12329|
26|131072|0.074435|
26|131072|0.090893|
26|131072|0.246903|
26|131072|0.145741|
26|262144|0.13409|
26|262144|0.100076|
26|262144|0.2155|
26|262144|0.232829|
26|262144|0.18765|
26|524288|0.078191|
26|524288|0.192044|
26|524288|0.295242|
26|524288|0.110938|
26|524288|0.141206|
26|1048576|0.128057|
26|1048576|0.32908|
26|1048576|0.178309|
26|1048576|0.227211|
26|1048576|0.232363|
27|4|0.299967|
27|4|0.222605|
27|4|0.18859|
27|4|0.151412|
27|4|0.189838|
27|8|0.199262|
27|8|0.282538|
27|8|0.207925|
27|8|0.118546|
27|8|0.177558|
27|16|0.349234|
27|16|0.160919|
27|16|0.143152|
27|16|0.28302|
27|16|0.218822|
27|32|0.244335|
27|32|0.389114|
27|32|0.21843|
27|32|0.246815|
27|32|0.237654|
27|64|0.090988|
27|64|0.078437|
27|64|0.247375|
27|64|0.298994|
27|64|0.098417|
27|128|0.198947|
27|128|0.366448|
27|128|0.138216|
27|128|0.186617|
27|128|0.216563|
27|256|0.364739|
27|256|0.180351|
27|256|0.086045|
27|256|0.302909|
27|256|0.109329|
27|512|0.254707|
27|512|0.135543|
27|512|0.255453|
27|512|0.105816|
27|512|0.066874|
27|1024|0.381597|
27|1024|0.181508|
27|1024|0.149554|
27|1024|0.355403|
27|1024|0.159638|
27|2048|0.155442|
27|2048|0.155053|
27|2048|0.208813|
27|2048|0.260965|
27|2048|0.194363|
27|4096|0.400038|
27|4096|0.221506|
27|4096|0.266828|
27|4096|0.357383|
27|4096|0.250184|
27|8192|0.116704|
27|8192|0.283945|
27|8192|0.252962|
27|8192|0.099889|
27|8192|0.3692|
27|16384|0.109641|
27|16384|0.089812|
27|16384|0.183967|
27|16384|0.393626|
27|16384|0.194402|
27|32768|0.210865|
27|32768|0.228155|
27|32768|0.08955|
27|32768|0.310205|
27|32768|0.257548|
27|65536|0.253324|
27|65536|0.391382|
27|65536|0.209922|
27|65536|0.234557|
27|65536|0.119577|
27|131072|0.202788|
27|131072|0.195113|
27|131072|0.302437|
27|131072|0.10594|
27|131072|0.231269|
27|262144|0.1145|
27|262144|0.384044|
27|262144|0.308488|
27|262144|0.088639|
27|262144|0.384014|
27|524288|0.063798|
27|524288|0.192442|
27|524288|0.296511|
27|524288|0.191308|
27|524288|0.288094|
27|1048576|0.26017|
27|1048576|0.266722|
27|1048576|0.069378|
27|1048576|0.057082|
27|1048576|0.266085|
28|4|0.239771|
28|4|0.241164|
28|4|0.355705|
28|4|0.237783|
28|4|0.140247|
28|8|0.278662|
28|8|0.222396|
28|8|0.28567|
28|8|0.305476|
28|8|0.288408|
28|16|0.207793|
28|16|0.398313|
28|16|0.140126|
28|16|0.192239|
28|16|0.438372|
28|32|0.184203|
28|32|0.122103|
28|32|0.470076|
28|32|0.115897|
28|32|0.335547|
28|64|0.33028|
28|64|0.247854|
28|64|0.306164|
28|64|0.288516|
28|64|0.278753|
28|128|0.240756|
28|128|0.282502|
28|128|0.204711|
28|128|0.31088|
28|128|0.217218|
28|256|0.317595|
28|256|0.229314|
28|256|0.203181|
28|256|0.203137|
28|256|0.063228|
28|512|0.286479|
28|512|0.238128|
28|512|0.318855|
28|512|0.381981|
28|512|0.21742|
28|1024|0.360322|
28|1024|0.459162|
28|1024|0.347703|
28|1024|0.286009|
28|1024|0.325648|
28|2048|0.185091|
28|2048|0.152678|
28|2048|0.14859|
28|2048|0.103918|
28|2048|0.183786|
28|4096|0.2716|
28|4096|0.334059|
28|4096|0.301716|
28|4096|0.470341|
28|4096|0.166066|
28|8192|0.320416|
28|8192|0.177825|
28|8192|0.259983|
28|8192|0.425658|
28|8192|0.235982|
28|16384|0.262337|
28|16384|0.304708|
28|16384|0.214719|
28|16384|0.363239|
28|16384|0.114618|
28|32768|0.214477|
28|32768|0.306119|
28|32768|0.367139|
28|32768|0.264164|
28|32768|0.089922|
28|65536|0.147673|
28|65536|0.266339|
28|65536|0.369493|
28|65536|0.325727|
28|65536|0.424516|
28|131072|0.342305|
28|131072|0.095682|
28|131072|0.22948|
28|131072|0.149116|
28|131072|0.089362|
28|262144|0.325152|
28|262144|0.238887|
28|262144|0.175415|
28|262144|0.348512|
28|262144|0.172563|
28|524288|0.105857|
28|524288|0.094601|
28|524288|0.458914|
28|524288|0.323799|
28|524288|0.390181|
28|1048576|0.161301|
28|1048576|0.407046|
28|1048576|0.224419|
28|1048576|0.284509|
28|1048576|0.291955|
29|4|0.121915|
29|4|0.145633|
29|4|0.392115|
29|4|0.451327|
29|4|0.331648|
29|8|0.239204|
29|8|0.312047|
29|8|0.210267|
29|8|0.342909|
29|8|0.431881|
29|16|0.314486|
29|16|0.130177|
29|16|0.348097|
29|16|0.231131|
29|16|0.360092|
29|32|0.405488|
29|32|0.458812|
29|32|0.328952|
29|32|0.307928|
29|32|0.240536|
29|64|0.455852|
29|64|0.373319|
29|64|0.443435|
29|64|0.139399|
29|64|0.242751|
29|128|0.34831|
29|128|0.444234|
29|128|0.337286|
29|128|0.123871|
29|128|0.219486|
29|256|0.331048|
29|256|0.273204|
29|256|0.430261|
29|256|0.369499|
29|256|0.325305|
29|512|0.172008|
29|512|0.193483|
29|512|0.390364|
29|512|0.172514|
29|512|0.206111|
29|1024|0.186418|
29|1024|0.501407|
29|1024|0.385414|
29|1024|0.405118|
29|1024|0.190927|
29|2048|0.163733|
29|2048|0.501798|
29|2048|0.369384|
29|2048|0.37125|
29|2048|0.189943|
29|4096|0.270686|
29|4096|0.313236|
29|4096|0.138817|
29|4096|0.283425|
29|4096|0.365806|
29|8192|0.350695|
29|8192|0.158179|
29|8192|0.262455|
29|8192|0.26436|
29|8192|0.236536|
29|16384|0.272957|
29|16384|0.468419|
29|16384|0.206291|
29|16384|0.249064|
29|16384|0.214302|
29|32768|0.318075|
29|32768|0.150876|
29|32768|0.287395|
29|32768|0.228936|
29|32768|0.301492|
29|65536|0.365263|
29|65536|0.349026|
29|65536|0.422403|
29|65536|0.173891|
29|65536|0.488318|
29|131072|0.435248|
29|131072|0.313506|
29|131072|0.342518|
29|131072|0.246744|
29|131072|0.442832|
29|262144|0.4883|
29|262144|0.349741|
29|262144|0.242283|
29|262144|0.464612|
29|262144|0.412361|
29|524288|0.360664|
29|524288|0.172009|
29|524288|0.339112|
29|524288|0.272513|
29|524288|0.482931|
29|1048576|0.40314|
29|1048576|0.274304|
29|1048576|0.526217|
29|1048576|0.234922|
29|1048576|0.197012|
30|4|0.356438|
30|4|0.401048|
30|4|0.491337|
30|4|0.181101|
30|4|0.255508|
30|8|0.342288|
30|8|0.599658|
30|8|0.225009|
30|8|0.602121|
30|8|0.251096|
30|16|0.463912|
30|16|0.56428|
30|16|0.348723|
30|16|0.363891|
30|16|0.577941|
30|32|0.300905|
30|32|0.273462|
30|32|0.280532|
30|32|0.260904|
30|32|0.31279|
30|64|0.529856|
30|64|0.212173|
30|64|0.362742|
30|64|0.329076|
30|64|0.369542|
30|128|0.120115|
30|128|0.427745|
30|128|0.382475|
30|128|0.297303|
30|128|0.317273|
30|256|0.349446|
30|256|0.495323|
30|256|0.333896|
30|256|0.502006|
30|256|0.477674|
30|512|0.464569|
30|512|0.503928|
30|512|0.09342|
30|512|0.419856|
30|512|0.468888|
30|1024|0.319014|
30|1024|0.726019|
30|1024|0.376725|
30|1024|0.44105|
30|1024|0.264529|
30|2048|0.453587|
30|2048|0.172311|
30|2048|0.600916|
30|2048|0.664716|
30|2048|0.214318|
30|4096|0.39827|
30|4096|0.266498|
30|4096|0.175783|
30|4096|0.38313|
30|4096|0.241434|
30|8192|0.152306|
30|8192|0.423945|
30|8192|0.167048|
30|8192|0.432265|
30|8192|0.406312|
30|16384|0.48368|
30|16384|0.200281|
30|16384|0.378971|
30|16384|0.5376|
30|16384|0.574912|
30|32768|0.269806|
30|32768|0.264193|
30|32768|0.340119|
30|32768|0.495276|
30|32768|0.30633|
30|65536|0.29955|
30|65536|0.511438|
30|65536|0.551549|
30|65536|0.512813|
30|65536|0.361128|
30|131072|0.341216|
30|131072|0.227223|
30|131072|0.363936|
30|131072|0.403329|
30|131072|0.289176|
30|262144|0.469048|
30|262144|0.429853|
30|262144|0.241485|
30|262144|0.448581|
30|262144|0.052042|
30|524288|0.508575|
30|524288|0.155018|
30|524288|0.445932|
30|524288|0.244067|
30|524288|0.445856|
30|1048576|0.471108|
30|1048576|0.305811|
30|1048576|0.475336|
30|1048576|0.129297|
30|1048576|0.34302|
31|4|0.299223|
31|4|0.471026|
31|4|0.693156|
31|4|0.698207|
31|4|0.543892|
31|8|0.167511|
31|8|0.353681|
31|8|0.470565|
31|8|0.343426|
31|8|0.317901|
31|16|0.4847|
31|16|0.334662|
31|16|0.329464|
31|16|0.432249|
31|16|0.2387|
31|32|0.268128|
31|32|0.516487|
31|32|0.174365|
31|32|0.220342|
31|32|0.63808|
31|64|0.518595|
31|64|0.519514|
31|64|0.309102|
31|64|0.492036|
31|64|0.424103|
31|128|0.373011|
31|128|0.182093|
31|128|0.500743|
31|128|0.369308|
31|128|0.620409|
31|256|0.555707|
31|256|0.384272|
31|256|0.404048|
31|256|0.120758|
31|256|0.659638|
31|512|0.552144|
31|512|0.767573|
31|512|0.583101|
31|512|0.323593|
31|512|0.628567|
31|1024|0.357427|
31|1024|0.550391|
31|1024|0.160509|
31|1024|0.249358|
31|1024|0.362513|
31|2048|0.44236|
31|2048|0.508569|
31|2048|0.143339|
31|2048|0.591869|
31|2048|0.346064|
31|4096|0.338345|
31|4096|0.241607|
31|4096|0.393625|
31|4096|0.252523|
31|4096|0.373764|
31|8192|0.257882|
31|8192|0.495842|
31|8192|0.501449|
31|8192|0.312447|
31|8192|0.419007|
31|16384|0.318609|
31|16384|0.53355|
31|16384|0.269004|
31|16384|0.490852|
31|16384|0.413562|
31|32768|0.222229|
31|32768|0.805857|
31|32768|0.767975|
31|32768|0.254923|
31|32768|0.543311|
31|65536|0.185827|
31|65536|0.269535|
31|65536|0.475191|
31|65536|0.402023|
31|65536|0.129282|
31|131072|0.401284|
31|131072|0.738801|
31|131072|0.413171|
31|131072|0.295353|
31|131072|0.613178|
31|262144|0.608892|
31|262144|0.628525|
31|262144|0.551213|
31|262144|0.456574|
31|262144|0.332884|
31|524288|0.503958|
31|524288|0.269892|
31|524288|0.150251|
31|524288|0.385862|
31|524288|0.531244|
31|1048576|0.285191|
31|1048576|0.365273|
31|1048576|0.549548|
31|1048576|0.481467|
31|1048576|0.222273|
32|4|0.543609|
32|4|0.738653|
32|4|0.359667|
32|4|0.378523|
32|4|0.788875|
32|8|0.856843|
32|8|0.351686|
32|8|0.490393|
32|8|0.467707|
32|8|0.644568|
32|16|0.38119|
32|16|0.304349|
32|16|0.257071|
32|16|0.47317|
32|16|0.260178|
32|32|0.482465|
32|32|0.596217|
32|32|0.66507|
32|32|0.46145|
32|32|0.668516|
32|64|0.713198|
32|64|0.772373|
32|64|0.377431|
32|64|0.672087|
32|64|0.558227|
32|128|0.15568|
32|128|0.606173|
32|128|0.236256|
32|128|0.619993|
32|128|0.418979|
32|256|0.478184|
32|256|0.2702|
32|256|0.747997|
32|256|0.566343|
32|256|0.395242|
32|512|0.365155|
32|512|0.44295|
32|512|1.04972|
32|512|0.307731|
32|512|0.633795|
32|1024|0.795749|
32|1024|0.66639|
32|1024|0.758792|
32|1024|0.698693|
32|1024|0.63226|
32|2048|0.753383|
32|2048|0.628946|
32|2048|0.556608|
32|2048|0.32859|
32|2048|0.382836|
32|4096|0.93962|
32|4096|0.433737|
32|4096|0.68332|
32|4096|0.636736|
32|4096|0.664039|
32|8192|0.727169|
32|8192|0.620209|
32|8192|0.514053|
32|8192|0.633508|
32|8192|0.484665|
32|16384|0.410477|
32|16384|0.463823|
32|16384|0.694641|
32|16384|0.209134|
32|16384|0.472529|
32|32768|0.462048|
32|32768|0.355043|
32|32768|0.73761|
32|32768|0.353114|
32|32768|0.481052|
32|65536|0.624923|
32|65536|0.457558|
32|65536|0.253025|
32|65536|0.325349|
32|65536|0.403614|
32|131072|0.590331|
32|131072|0.590101|
32|131072|0.217423|
32|131072|0.593192|
32|131072|0.491464|
32|262144|0.567241|
32|262144|0.763338|
32|262144|0.367531|
32|262144|0.29638|
32|262144|0.453174|
32|524288|0.431389|
32|524288|0.490309|
32|524288|0.376939|
32|524288|0.416245|
32|524288|0.615573|
32|1048576|0.225142|
32|1048576|0.718866|
32|1048576|0.729742|
32|1048576|0.293273|
32|1048576|0.728525|
33|4|0.937383|
33|4|0.36357|
33|4|0.531433|
33|4|0.13859|
33|4|0.261288|
33|8|0.826779|
33|8|0.66363|
33|8|0.519892|
33|8|0.253605|
33|8|0.351822|
33|16|0.821017|
33|16|0.406297|
33|16|0.813908|
33|16|0.512874|
33|16|0.627828|
33|32|0.294333|
33|32|0.352646|
33|32|0.548269|
33|32|0.769367|
33|32|0.58498|
33|64|0.660449|
33|64|0.232969|
33|64|0.523243|
33|64|0.890318|
33|64|0.804289|
33|128|0.397522|
33|128|0.364742|
33|128|0.471843|
33|128|0.76874|
33|128|0.939473|
33|256|0.569646|
33|256|0.124863|
33|256|0.613327|
33|256|0.414542|
33|256|0.969032|
33|512|0.298159|
33|512|0.651775|
33|512|0.648371|
33|512|0.794098|
33|512|0.196441|
33|1024|0.41803|
33|1024|0.94454|
33|1024|0.33613|
33|1024|0.652361|
33|1024|0.185253|
33|2048|0.736031|
33|2048|0.913689|
33|2048|0.657671|
33|2048|0.772588|
33|2048|0.316692|
33|4096|0.286075|
33|4096|0.300641|
33|4096|0.824932|
33|4096|0.481232|
33|4096|0.880185|
33|8192|0.244082|
33|8192|0.621757|
33|8192|0.545008|
33|8192|0.472581|
33|8192|0.606555|
33|16384|0.801854|
33|16384|0.428083|
33|16384|0.801291|
33|16384|0.522349|
33|16384|0.612983|
33|32768|0.525158|
33|32768|0.757368|
33|32768|0.860535|
33|32768|0.485201|
33|32768|0.332738|
33|65536|0.63074|
33|65536|0.516084|
33|65536|1.07994|
33|65536|0.820363|
33|65536|0.549479|
33|131072|0.40659|
33|131072|0.365704|
33|131072|0.413419|
33|131072|0.34877|
33|131072|0.597005|
33|262144|0.347044|
33|262144|0.748119|
33|262144|0.687744|
33|262144|0.205477|
33|262144|0.627612|
33|524288|0.496834|
33|524288|0.676909|
33|524288|0.274644|
33|524288|0.407022|
33|524288|0.484832|
33|1048576|0.302431|
33|1048576|0.530224|
33|1048576|0.598733|
33|1048576|0.611219|
33|1048576|0.501251|
34|4|0.896469|
34|4|0.691806|
34|4|1.1058|
34|4|0.468706|
34|4|0.748908|
34|8|0.508402|
34|8|0.757605|
34|8|1.09321|
34|8|0.982629|
34|8|0.693314|
34|16|0.759411|
34|16|1.03026|
34|16|0.47181|
34|16|0.501303|
34|16|0.542154|
34|32|0.862913|
34|32|0.992452|
34|32|0.535176|
34|32|0.422755|
34|32|0.86122|
34|64|0.618995|
34|64|0.380457|
34|64|0.501338|
34|64|0.782628|
34|64|0.720399|
34|128|0.984119|
34|128|0.759888|
34|128|0.320992|
34|128|0.634924|
34|128|0.800983|
34|256|0.547755|
34|256|0.948599|
34|256|0.782634|
34|256|0.385456|
34|256|1.19417|
34|512|0.566001|
34|512|0.443519|
34|512|0.618232|
34|512|0.356414|
34|512|0.6818|
34|1024|0.561318|
34|1024|0.820074|
34|1024|0.606388|
34|1024|0.618401|
34|1024|0.391171|
34|2048|0.732948|
34|2048|1.2532|
34|2048|0.719393|
34|2048|0.670174|
34|2048|0.301339|
34|4096|0.590976|
34|4096|0.454966|
34|4096|0.336694|
34|4096|0.717648|
34|4096|0.371112|
34|8192|0.871881|
34|8192|0.755219|
34|8192|1.09098|
34|8192|0.672658|
34|8192|0.250921|
34|16384|0.511062|
34|16384|1.01008|
34|16384|0.315039|
34|16384|0.435141|
34|16384|0.238712|
34|32768|0.652341|
34|32768|0.592026|
34|32768|0.32577|
34|32768|0.929122|
34|32768|0.582604|
34|65536|0.729791|
34|65536|0.839077|
34|65536|0.962063|
34|65536|1.03725|
34|65536|0.324701|
34|131072|0.245581|
34|131072|0.816635|
34|131072|1.34793|
34|131072|0.77506|
34|131072|0.393318|
34|262144|1.19868|
34|262144|0.647734|
34|262144|0.547591|
34|262144|0.776122|
34|262144|0.618648|
34|524288|0.973908|
34|524288|0.797139|
34|524288|0.74705|
34|524288|0.354347|
34|524288|0.935836|
34|1048576|1.00248|
34|1048576|0.827976|
34|1048576|0.682532|
34|1048576|0.675951|
34|1048576|0.662006|
35|4|1.1064|
35|4|0.753606|
35|4|1.04442|
35|4|0.530173|
35|4|0.780426|
35|8|1.10219|
35|8|0.607984|
35|8|0.528526|
35|8|1.14195|
35|8|1.07071|
35|16|0.523306|
35|16|0.313529|
35|16|0.945948|
35|16|0.774884|
35|16|1.08244|
35|32|1.31042|
35|32|0.656971|
35|32|1.04347|
35|32|0.931886|
35|32|0.261742|
35|64|0.266477|
35|64|0.984818|
35|64|1.10248|
35|64|1.18902|
35|64|1.30403|
35|128|1.19799|
35|128|1.15712|
35|128|0.970662|
35|128|0.672371|
35|128|1.20722|
35|256|1.10103|
35|256|1.38724|
35|256|0.891057|
35|256|1.29292|
35|256|0.450707|
35|512|1.10702|
35|512|1.07696|
35|512|0.978164|
35|512|0.833488|
35|512|0.730976|
35|1024|0.645736|
35|1024|0.997339|
35|1024|0.780732|
35|1024|0.399924|
35|1024|0.851633|
35|2048|0.641075|
35|2048|0.85735|
35|2048|1.0135|
35|2048|0.335621|
35|2048|0.685852|
35|4096|0.954237|
35|4096|0.592991|
35|4096|0.330006|
35|4096|0.730561|
35|4096|0.612664|
35|8192|0.642617|
35|8192|0.709122|
35|8192|0.968851|
35|8192|0.315061|
35|8192|0.82352|
35|16384|0.93703|
35|16384|1.43948|
35|16384|0.520632|
35|16384|0.818994|
35|16384|0.65652|
35|32768|0.544617|
35|32768|1.22671|
35|32768|0.449096|
35|32768|1.0624|
35|32768|1.3523|
35|65536|0.410537|
35|65536|0.886852|
35|65536|0.842657|
35|65536|0.932378|
35|65536|1.1313|
35|131072|0.558171|
35|131072|0.865904|
35|131072|0.752228|
35|131072|0.369826|
35|131072|1.00516|
35|262144|0.49412|
35|262144|1.16462|
35|262144|0.607065|
35|262144|1.62363|
35|262144|1.0287|
35|524288|0.762754|
35|524288|0.418451|
35|524288|0.583494|
35|524288|0.40493|
35|524288|0.654342|
35|1048576|0.595259|
35|1048576|0.854585|
35|1048576|0.882329|
35|1048576|1.29014|
35|1048576|0.90526|
36|4|0.920416|
36|4|1.15304|
36|4|1.56755|
36|4|1.03059|
36|4|1.2726|
36|8|1.29965|
36|8|1.38068|
36|8|0.827915|
36|8|0.776002|
36|8|1.05499|
36|16|1.45983|
36|16|1.30297|
36|16|0.54972|
36|16|0.902915|
36|16|1.27788|
36|32|1.4343|
36|32|0.734354|
36|32|1.04763|
36|32|0.775915|
36|32|0.789444|
36|64|1.01744|
36|64|0.813991|
36|64|0.985696|
36|64|0.90372|
36|64|0.785666|
36|128|0.779033|
36|128|0.388934|
36|128|1.10063|
36|128|0.706831|
36|128|0.91136|
36|256|1.09928|
36|256|1.23315|
36|256|0.6637|
36|256|0.801661|
36|256|1.16536|
36|512|0.303076|
36|512|0.980213|
36|512|0.335361|
36|512|1.35677|
36|512|1.12242|
36|1024|1.07425|
36|1024|1.82738|
36|1024|1.03979|
36|1024|1.19367|
36|1024|0.540749|
36|2048|0.804302|
36|2048|0.964895|
36|2048|1.05162|
36|2048|1.02363|
36|2048|0.896882|
36|4096|0.809151|
36|4096|0.555605|
36|4096|0.908234|
36|4096|0.260292|
36|4096|0.605128|
36|8192|0.454508|
36|8192|0.577397|
36|8192|0.648136|
36|8192|0.67794|
36|8192|1.03073|
36|16384|1.14885|
36|16384|1.10718|
36|16384|1.14532|
36|16384|0.60967|
36|16384|0.484849|
36|32768|1.39383|
36|32768|0.512715|
36|32768|1.10831|
36|32768|1.1282|
36|32768|0.470524|
36|65536|0.862739|
36|65536|0.433098|
36|65536|1.47633|
36|65536|0.58147|
36|65536|0.438448|
36|131072|0.720886|
36|131072|0.927901|
36|131072|0.210706|
36|131072|0.132327|
36|131072|1.72387|
36|262144|1.23431|
36|262144|0.573719|
36|262144|0.491806|
36|262144|0.471358|
36|262144|0.970065|
36|524288|0.430235|
36|524288|0.893064|
36|524288|0.979475|
36|524288|1.45387|
36|524288|1.09171|
36|1048576|1.04604|
36|1048576|1.15739|
36|1048576|0.920147|
36|1048576|1.23727|
36|1048576|1.04908|
37|4|1.50248|
37|4|1.12984|
37|4|1.33008|
37|4|1.73418|
37|4|1.28905|
37|8|0.659162|
37|8|1.14702|
37|8|0.500704|
37|8|1.39623|
37|8|1.01907|
37|16|2.08965|
37|16|0.872919|
37|16|1.17793|
37|16|1.22046|
37|16|1.79584|
37|32|1.61583|
37|32|0.398421|
37|32|0.936807|
37|32|0.723362|
37|32|1.22797|
37|64|1.86367|
37|64|1.12941|
37|64|1.44231|
37|64|1.4391|
37|64|1.8472|
37|128|1.30677|
37|128|1.8207|
37|128|0.765884|
37|128|0.885611|
37|128|1.64513|
37|256|0.475139|
37|256|1.61919|
37|256|1.05503|
37|256|0.452099|
37|256|0.587623|
37|512|1.01856|
37|512|0.695837|
37|512|1.2334|
37|512|1.43845|
37|512|0.821204|
37|1024|0.515567|
37|1024|1.03441|
37|1024|1.60285|
37|1024|0.504621|
37|1024|0.566753|
37|2048|1.91894|
37|2048|2.03596|
37|2048|1.79126|
37|2048|1.80112|
37|2048|1.25416|
37|4096|1.00699|
37|4096|2.02672|
37|4096|0.494563|
37|4096|0.485246|
37|4096|1.60326|
37|8192|0.824462|
37|8192|0.455613|
37|8192|1.21441|
37|8192|1.85086|
37|8192|1.51306|
37|16384|1.51646|
37|16384|1.43546|
37|16384|1.50087|
37|16384|1.02233|
37|16384|1.99822|
37|32768|0.791353|
37|32768|1.42409|
37|32768|1.90287|
37|32768|1.76211|
37|32768|0.631577|
37|65536|1.25242|
37|65536|1.90848|
37|65536|0.846639|
37|65536|0.917745|
37|65536|1.13815|
37|131072|1.77865|
37|131072|0.656705|
37|131072|1.64133|
37|131072|1.7966|
37|131072|1.79932|
37|262144|0.494323|
37|262144|0.984838|
37|262144|0.521021|
37|262144|1.36895|
37|262144|0.596389|
37|524288|1.08913|
37|524288|1.47555|
37|524288|1.62104|
37|524288|0.831119|
37|524288|1.0965|
37|1048576|0.802441|
37|1048576|0.811818|
37|1048576|0.795743|
37|1048576|0.969771|
37|1048576|1.36977|
38|4|2.15809|
38|4|2.18501|
38|4|1.42993|
38|4|0.408947|
38|4|1.47798|
38|8|1.89838|
38|8|0.524032|
38|8|1.61675|
38|8|0.977038|
38|8|1.00669|
38|16|1.52405|
38|16|0.44439|
38|16|0.996933|
38|16|0.83407|
38|16|1.40616|
38|32|1.78621|
38|32|1.51748|
38|32|2.27478|
38|32|2.25875|
38|32|1.81035|
38|64|0.881061|
38|64|1.93382|
38|64|0.751849|
38|64|1.77555|
38|64|1.67757|
38|128|2.14361|
38|128|1.59585|
38|128|1.80973|
38|128|1.76242|
38|128|2.12665|
38|256|1.59422|
38|256|1.45813|
38|256|1.79349|
38|256|1.12502|
38|256|1.01829|
38|512|0.561597|
38|512|1.68516|
38|512|1.17678|
38|512|0.456106|
38|512|1.15168|
38|1024|0.9858|
38|1024|2.20371|
38|1024|2.52223|
38|1024|0.948025|
38|1024|2.3027|
38|2048|0.99628|
38|2048|1.61213|
38|2048|1.30001|
38|2048|0.603703|
38|2048|0.724868|
38|4096|1.09965|
38|4096|1.75488|
38|4096|1.51694|
38|4096|1.37873|
38|4096|1.58044|
38|8192|1.74306|
38|8192|1.97196|
38|8192|1.84316|
38|8192|1.16146|
38|8192|1.67765|
38|16384|2.18308|
38|16384|0.66772|
38|16384|2.03554|
38|16384|2.68505|
38|16384|1.64619|
38|32768|1.0518|
38|32768|1.32433|
38|32768|2.12|
38|32768|0.938614|
38|32768|1.18902|
38|65536|1.09762|
38|65536|1.15955|
38|65536|1.26692|
38|65536|0.353087|
38|65536|1.27901|
38|131072|1.52192|
38|131072|1.12957|
38|131072|1.63863|
38|131072|1.66589|
38|131072|1.1099|
38|262144|1.95661|
38|262144|1.70333|
38|262144|2.23729|
38|262144|1.88988|
38|262144|1.064|
38|524288|1.22533|
38|524288|1.20314|
38|524288|1.87153|
38|524288|1.07964|
38|524288|1.98324|
38|1048576|1.58044|
38|1048576|0.835646|
38|1048576|0.933459|
38|1048576|0.898881|
38|1048576|1.35741|
39|4|1.06532|
39|4|1.18739|
39|4|3.35421|
39|4|1.87186|
39|4|1.74583|
39|8|1.95757|
39|8|2.03788|
39|8|1.9445|
39|8|2.30148|
39|8|2.39781|
39|16|1.01364|
39|16|1.79381|
39|16|1.65857|
39|16|0.990916|
39|16|2.7836|
39|32|1.40569|
39|32|1.42204|
39|32|0.936915|
39|32|1.5446|
39|32|2.1354|
39|64|1.83236|
39|64|1.68576|
39|64|0.842441|
39|64|2.35346|
39|64|1.60089|
39|128|1.20802|
39|128|2.38908|
39|128|0.278327|
39|128|1.92517|
39|128|2.03046|
39|256|2.77981|
39|256|0.296045|
39|256|1.31764|
39|256|1.55459|
39|256|0.544355|
39|512|1.7641|
39|512|0.90533|
39|512|0.860684|
39|512|2.39623|
39|512|1.28107|
39|1024|2.00959|
39|1024|0.87737|
39|1024|1.94599|
39|1024|1.00847|
39|1024|1.55925|
39|2048|1.4128|
39|2048|2.02163|
39|2048|1.82799|
39|2048|0.824003|
39|2048|3.24227|
39|4096|1.32615|
39|4096|1.6766|
39|4096|1.23489|
39|4096|1.58611|
39|4096|2.25766|
39|8192|2.25187|
39|8192|0.898919|
39|8192|2.59637|
39|8192|1.68775|
39|8192|2.90378|
39|16384|1.87187|
39|16384|0.777663|
39|16384|0.984984|
39|16384|1.62872|
39|16384|1.15243|
39|32768|0.576121|
39|32768|1.87052|
39|32768|1.39328|
39|32768|1.57477|
39|32768|1.72153|
39|65536|1.0039|
39|65536|1.14336|
39|65536|2.32177|
39|65536|2.82722|
39|65536|0.831482|
39|131072|2.23206|
39|131072|1.89235|
39|131072|2.88994|
39|131072|1.80171|
39|131072|2.34089|
39|262144|2.36109|
39|262144|2.8818|
39|262144|3.31897|
39|262144|1.62903|
39|262144|1.68775|
39|524288|1.89248|
39|524288|0.864489|
39|524288|2.22295|
39|524288|0.412984|
39|524288|2.45401|
39|1048576|1.63634|
39|1048576|1.95534|
39|1048576|3.72707|
39|1048576|2.14959|
39|1048576|1.57756|
40|4|2.1039|
40|4|1.62076|
40|4|2.03768|
40|4|2.65085|
40|4|2.41101|
40|8|1.90037|
40|8|2.70464|
40|8|1.51909|
40|8|3.97066|
40|8|2.97101|
40|16|2.48108|
40|16|2.9225|
40|16|0.772196|
40|16|1.34827|
40|16|0.709867|
40|32|2.27455|
40|32|0.913263|
40|32|1.29848|
40|32|2.40968|
40|32|1.39328|
40|64|2.80883|
40|64|1.79694|
40|64|0.586462|
40|64|1.84909|
40|64|1.69932|
40|128|1.81067|
40|128|2.80502|
40|128|1.3981|
40|128|1.28194|
40|128|2.5495|
40|256|1.38367|
40|256|1.5254|
40|256|2.5766|
40|256|1.73599|
40|256|1.57699|
40|512|3.22759|
40|512|3.29453|
40|512|1.35224|
40|512|3.48976|
40|512|1.98504|
40|1024|2.20579|
40|1024|2.52673|
40|1024|3.31879|
40|1024|1.41405|
40|1024|2.19202|
40|2048|3.10151|
40|2048|4.00002|
40|2048|2.7955|
40|2048|0.895266|
40|2048|0.872743|
40|4096|3.54164|
40|4096|2.27811|
40|4096|3.93511|
40|4096|3.5784|
40|4096|0.818749|
40|8192|3.11362|
40|8192|3.24983|
40|8192|2.48776|
40|8192|1.58797|
40|8192|1.01833|
40|16384|1.05856|
40|16384|1.96617|
40|16384|2.00613|
40|16384|3.08478|
40|16384|0.711711|
40|32768|1.44621|
40|32768|2.43627|
40|32768|2.31533|
40|32768|3.85452|
40|32768|2.04014|
40|65536|0.867747|
40|65536|0.463776|
40|65536|3.93591|
40|65536|3.0675|
40|65536|3.08112|
40|131072|2.10351|
40|131072|2.61573|
40|131072|2.10842|
40|131072|4.18607|
40|131072|3.37709|
40|262144|3.1702|
40|262144|1.80653|
40|262144|1.35601|
40|262144|4.0468|
40|262144|3.55809|
40|524288|3.71867|
40|524288|1.43875|
40|524288|1.41449|
40|524288|2.54716|
40|524288|2.37027|
40|1048576|1.11713|
40|1048576|2.40555|
40|1048576|1.85504|
40|1048576|1.73223|
40|1048576|1.97815|
