4|64|2|.859936|
4|64|2|.12014|
4|64|2|.120162|
4|64|2|.183208|
4|64|2|.108483|
4|64|2|.145986|
4|64|2|.146202|
4|64|2|.174284|
4|64|2|.173069|
4|64|2|.123635|
4|64|6|.186698|
4|64|6|.144799|
4|64|6|.231022|
4|64|6|.750111|
4|64|6|.270964|
4|256|2|.172399|
4|256|2|.171815|
4|256|2|.016372|
4|256|2|.016338|
4|256|2|.18537|
4|256|6|.526856|
4|256|6|.590354|
4|256|6|.168085|
4|256|6|.230538|
4|256|6|3.32351|
4|1024|2|1.54985|
4|1024|2|.32398|
4|1024|2|.092315|
4|1024|2|20.9121|
4|1024|2|.112749|
4|1024|6|.688084|
4|1024|6|.895898|
4|1024|6|.60276|
4|1024|6|.359949|
4|1024|6|.801931|
4|4096|2|.401014|
4|4096|2|.278534|
4|4096|2|.281409|
4|4096|2|.138455|
4|4096|2|3.34657|
4|4096|6|.150582|
4|4096|6|.763112|
4|4096|6|17.5053|
4|4096|6|.630529|
4|4096|6|.436986|
6|64|2|26.6441|
6|64|2|.657754|
6|64|2|.965117|
6|64|2|68.4716|
6|64|2|18.2825|
6|64|6|21.2801|
6|64|6|56.8224|
6|64|6|38.0091|
6|64|6|14.2513|
6|64|6|50.2712|
6|256|2|945.182|
6|256|2|33.7581|
6|256|2|787.615|
6|256|2|161.233|
6|256|2|19.4968|
6|256|6|24.7098|
6|256|6|55.2483|
6|256|6|186.602|
6|256|6|32.3885|
6|256|6|30.6615|
6|1024|2|10.6886|
6|1024|2|413.337|
4|64|2|.112403|
4|64|2|.116873|
4|64|2|.116851|
4|64|2|.202131|
4|64|2|.202145|
4|64|6|.33046|
4|64|6|.146643|
4|64|6|.146629|
4|64|6|.193385|
4|64|6|.194756|
4|256|2|1.66478|
4|256|2|.193551|
4|256|2|.100681|
4|256|2|.100532|
4|256|2|.27831|
4|256|6|1.04613|
4|256|6|1.20058|
4|256|6|.519601|
4|256|6|.172739|
4|256|6|.239489|
6|64|2|13.0753|
6|64|2|1.06324|
6|64|2|4.36157|
4|64|2|.162639|
4|64|2|.086027|
4|64|2|.107002|
4|64|2|.022245|
4|64|2|.090679|
4|64|6|.333409|
4|64|6|1.33426|
4|64|6|.341767|
4|64|6|.152539|
4|64|6|9.82581|
4|256|2|.281788|
4|256|2|.112507|
4|256|2|.024816|
4|256|2|.113375|
4|256|2|1.0786|
4|64|2|.082758|
4|64|2|.32303|
4|64|2|.085241|
4|64|2|.026496|
4|64|2|2.20078|
4|64|6|4.03119|
4|64|6|3.53876|
4|64|6|.208651|
4|64|6|.195308|
4|64|6|.728234|
4|256|2|.996963|
4|256|2|.08524|
4|256|2|.132746|
4|256|2|.108924|
4|256|2|.100052|
4|256|6|.225361|
4|256|6|.587529|
4|256|6|.763501|
4|256|6|.558723|
4|256|6|12.3743|
6|64|2|5.61656|
4|64|2|.09241|
4|64|2|.099914|
4|64|2|.025159|
4|64|2|.029677|
4|64|2|.1987|
4|64|6|.02781|
4|64|6|.106545|
4|64|6|.197794|
4|64|6|.838993|
4|64|6|.281328|
4|256|2|.491055|
4|256|2|.234837|
4|256|2|.270566|
4|256|2|.327568|
4|256|2|.026271|
4|256|6|.480467|
4|256|6|.239574|
4|256|6|.273541|
4|256|6|.396915|
4|256|6|.496627|
4|64|2|.025418|
4|64|2|.104753|
4|64|2|.107471|
4|64|2|.030097|
4|64|2|.567318|
4|64|6|.343113|
4|64|6|.18148|
4|64|6|.339097|
4|64|6|.327157|
4|64|6|.425277|
4|256|2|.122887|
4|256|2|.103453|
4|256|2|.10276|
4|256|2|.172202|
4|256|2|.133332|
4|256|6|.574938|
4|256|6|.744471|
4|256|6|.386766|
4|256|6|.830925|
4|256|6|.468372|
6|64|2|5.68489|
4|64|2|.132364|
4|64|2|.228332|
4|64|2|.115232|
6|64|2|1.33314|
6|64|2|.893019|
6|64|2|13.9998|
6|64|2|188.945|
6|64|2|5.73771|
6|64|6|22.0169|
6|64|6|4.99857|
4|64|2|.015221|
4|64|2|.092832|
4|64|2|.088988|
4|64|2|.020208|
4|64|2|.206175|
4|64|6|.17394|
4|64|6|.120649|
4|64|6|.098|
4|64|6|.210205|
4|64|6|.136962|
4|64|10|.42209|
4|64|10|.168706|
4|64|10|.438509|
4|64|10|.144095|
4|64|10|.131932|
4|256|2|.235965|
4|256|2|.09135|
4|256|2|.137693|
4|256|2|.092414|
4|256|2|.098704|
4|256|6|.483943|
4|256|6|.749555|
4|256|6|.153199|
4|256|6|.209697|
4|256|6|.528165|
4|256|10|.146595|
4|256|10|.242475|
4|256|10|.637831|
4|256|10|.23831|
4|256|10|.152972|
4|1024|2|.091787|
4|1024|2|13.3231|
4|1024|2|.655922|
4|1024|2|.289669|
4|1024|2|.263811|
4|1024|6|1.75|
4|1024|6|1.00928|
4|1024|6|12.399|
4|1024|6|.373569|
4|1024|6|.565174|
4|1024|10|.737559|
4|1024|10|.691348|
4|1024|10|.273053|
4|1024|10|.141365|
4|1024|10|.769994|
4|4096|2|.192438|
4|4096|2|.093499|
4|4096|2|1.82843|
4|4096|2|1.70264|
4|4096|2|.492222|
4|4096|6|.771061|
4|4096|6|1.28004|
4|4096|6|1.30309|
4|4096|6|2.06466|
4|4096|6|3.62071|
4|4096|10|2.49239|
4|4096|10|1.82407|
4|4096|10|.558676|
4|4096|10|.114963|
4|4096|10|.561111|
4|16384|2|.137943|
4|16384|2|34.017|
4|16384|2|.537764|
4|16384|2|25.9573|
4|16384|2|.220357|
4|16384|6|.630143|
4|16384|6|5.20963|
4|16384|6|1.90169|
4|16384|6|9.64253|
4|16384|6|.489077|
4|16384|10|.401352|
4|16384|10|.337953|
4|16384|10|2.10533|
4|16384|10|2.21075|
4|16384|10|.690096|
4|65536|2|.148741|
4|65536|2|.890376|
4|65536|2|1.30476|
4|65536|2|40.1549|
4|65536|2|2.05152|
4|65536|6|.29202|
4|65536|6|2.15955|
4|65536|6|1.13848|
4|65536|6|3.07469|
4|65536|6|1.3687|
4|65536|10|.762385|
4|65536|10|2.08862|
4|65536|10|2.05262|
4|65536|10|.66357|
4|65536|10|2.32405|
4|262144|2|1.39542|
4|262144|2|.504941|
4|262144|2|.208042|
4|262144|2|.142123|
4|262144|2|.480276|
4|262144|6|1.36857|
4|262144|6|.988214|
4|262144|6|2.29223|
4|262144|6|1.09041|
4|262144|6|2.47744|
4|262144|10|3.24804|
4|262144|10|.273792|
4|262144|10|1.32776|
4|262144|10|.51631|
4|262144|10|4.09532|
4|1048576|2|.283101|
4|1048576|2|1.27449|
4|1048576|2|.12403|
4|1048576|2|.141083|
4|1048576|2|.175986|
4|1048576|6|3.3553|
4|1048576|6|2.54971|
4|1048576|6|1.11927|
4|1048576|6|2.24701|
4|1048576|6|24.7818|
4|1048576|10|1.57852|
4|1048576|10|1.06568|
4|1048576|10|1.22644|
4|1048576|10|1.82245|
4|1048576|10|.292798|
4|4194304|2|.291777|
4|4194304|2|.36053|
4|4194304|2|.280736|
4|4194304|2|4.76504|
4|4194304|2|.529819|
4|4194304|6|2.12262|
4|4194304|6|1.59678|
4|4194304|6|2.5256|
4|4194304|6|3.65074|
4|4194304|6|3.45115|
4|4194304|10|2.53777|
4|4194304|10|.119902|
4|4194304|10|.794687|
4|4194304|10|1.21809|
4|4194304|10|4.20638|
4|16777216|2|.17571|
4|16777216|2|7.04189|
4|16777216|2|.594433|
4|16777216|2|6.38576|
4|16777216|2|.199273|
4|16777216|6|4.25902|
4|16777216|6|2.0653|
4|16777216|6|5.26167|
4|16777216|6|2.31598|
4|16777216|6|4.31922|
4|16777216|10|2.31839|
4|16777216|10|4.57917|
4|16777216|10|3.39628|
4|16777216|10|2.61211|
4|16777216|10|12.4134|
4|67108864|2|55.7659|
4|67108864|2|.421118|
4|67108864|2|.296139|
4|67108864|2|.680498|
4|67108864|2|.189076|
4|67108864|6|1.41256|
4|67108864|6|3.88233|
4|67108864|6|2.97925|
4|67108864|6|.758861|
4|67108864|6|.925932|
4|67108864|10|1.73045|
4|67108864|10|3.29021|
4|67108864|10|3.2149|
4|67108864|10|4.72805|
4|67108864|10|.568632|
4|268435456|2|.349654|
4|268435456|2|17.4479|
4|268435456|2|.609272|
4|268435456|2|4.39393|
4|268435456|2|2.31008|
4|268435456|6|2.19633|
4|268435456|6|6.42554|
4|268435456|6|2.01354|
4|268435456|6|5.48368|
4|268435456|6|1.63963|
4|268435456|10|17.6929|
4|268435456|10|2.57219|
4|268435456|10|.362715|
4|268435456|10|6.77324|
4|268435456|10|3.30771|
4|1073741824|2|.389138|
4|1073741824|2|3.97347|
4|1073741824|2|.372899|
4|1073741824|2|122.462|
4|1073741824|2|5.04018|
4|1073741824|6|5.15813|
4|1073741824|6|8.92894|
4|1073741824|6|7.8032|
4|1073741824|6|3.03422|
4|1073741824|6|10.7125|
4|1073741824|10|1.30728|
4|1073741824|10|2.48444|
4|1073741824|10|.458041|
4|1073741824|10|1.06477|
4|1073741824|10|7.34698|
3|64|2|.014177|
3|64|2|.007106|
3|64|2|.004478|
3|64|2|.013382|
3|64|2|.006933|
3|64|6|.008795|
3|64|6|.005819|
3|64|6|.026629|
3|64|6|.008169|
3|64|6|.008029|
3|64|10|.005221|
3|64|10|.007849|
3|64|10|.004555|
3|64|10|.00788|
3|64|10|.007666|
3|256|2|.015152|
3|256|2|.031388|
3|256|2|.010945|
3|256|2|.006428|
3|256|2|.016478|
3|256|6|.104892|
3|256|6|.015945|
3|256|6|.005147|
3|256|6|.009841|
3|256|6|.090846|
3|256|10|.010026|
3|256|10|.006943|
3|256|10|.002421|
3|256|10|.007015|
3|256|10|.008561|
3|1024|2|.009907|
3|1024|2|.014433|
3|1024|2|.022033|
3|1024|2|.017271|
3|1024|2|.019783|
3|1024|6|.260251|
3|1024|6|.022951|
3|1024|6|.016207|
3|1024|6|.091721|
3|1024|6|.010813|
3|1024|10|.002504|
3|1024|10|.005343|
3|1024|10|.004146|
3|1024|10|.007602|
3|1024|10|.004247|
3|4096|2|.008835|
3|4096|2|.028542|
3|4096|2|.021395|
3|4096|2|.007063|
3|4096|2|.088079|
3|4096|6|.011179|
3|4096|6|.021867|
3|4096|6|.197305|
3|4096|6|.01558|
3|4096|6|.021643|
3|4096|10|.005953|
3|4096|10|.00298|
3|4096|10|.006861|
3|4096|10|.003872|
3|4096|10|.01306|
3|16384|2|.100663|
3|16384|2|.095792|
3|16384|2|.0047|
3|16384|2|.014644|
3|16384|2|.102304|
3|16384|6|.032034|
3|16384|6|.014437|
3|16384|6|.016008|
3|16384|6|.172954|
3|16384|6|.115619|
3|16384|10|.005315|
3|16384|10|.009926|
3|16384|10|.008228|
3|16384|10|.006817|
3|16384|10|.007924|
3|65536|2|.025589|
3|65536|2|.026819|
3|65536|2|.082257|
3|65536|2|.015918|
3|65536|2|.014136|
3|65536|6|.033113|
3|65536|6|.136925|
3|65536|6|.033083|
3|65536|6|.039372|
3|65536|6|.039991|
3|65536|10|.013742|
3|65536|10|.012787|
3|65536|10|.011089|
3|65536|10|.012387|
3|65536|10|.010233|
3|262144|2|.009753|
3|262144|2|.016263|
3|262144|2|.014635|
3|262144|2|.010963|
3|262144|2|.012282|
3|262144|6|.172885|
3|262144|6|.13071|
3|262144|6|.042864|
3|262144|6|.150254|
3|262144|6|.016447|
3|262144|10|.014567|
3|262144|10|.012705|
3|262144|10|.013571|
3|262144|10|.003076|
3|262144|10|.007991|
3|1048576|2|.01217|
3|1048576|2|.016315|
3|1048576|2|.136562|
3|1048576|2|.014322|
3|1048576|2|.015364|
3|1048576|6|.066963|
3|1048576|6|.034313|
3|1048576|6|.104392|
3|1048576|6|.051674|
3|1048576|6|.383021|
3|1048576|10|.005425|
3|1048576|10|.00948|
3|1048576|10|.008784|
3|1048576|10|.018475|
3|1048576|10|.024342|
3|4194304|2|.12781|
3|4194304|2|.016097|
3|4194304|2|.006223|
3|4194304|2|.01624|
3|4194304|2|.022484|
3|4194304|6|.110473|
3|4194304|6|.118984|
3|4194304|6|.180934|
3|4194304|6|.134173|
3|4194304|6|.096315|
3|4194304|10|.021245|
3|4194304|10|.010896|
3|4194304|10|.013424|
3|4194304|10|.016381|
3|4194304|10|.008137|
3|16777216|2|.020004|
3|16777216|2|.158532|
3|16777216|2|.933428|
3|16777216|2|.102514|
3|16777216|2|.209575|
3|16777216|6|.035592|
3|16777216|6|.118704|
3|16777216|6|.334951|
3|16777216|6|.032134|
3|16777216|6|.043661|
3|16777216|10|.015404|
3|16777216|10|.018146|
3|16777216|10|.090613|
3|16777216|10|.023241|
3|16777216|10|.013469|
3|67108864|2|.019586|
3|67108864|2|.083014|
3|67108864|2|.097059|
3|67108864|2|.026551|
3|67108864|2|.003618|
3|67108864|6|.017624|
3|67108864|6|.013315|
3|67108864|6|.10316|
3|67108864|6|.008143|
3|67108864|6|.106179|
3|67108864|10|.046719|
3|67108864|10|.01584|
3|67108864|10|.022945|
3|67108864|10|.016732|
3|67108864|10|.026129|
3|268435456|2|.017293|
3|268435456|2|.026859|
3|268435456|2|.018684|
3|268435456|2|.132344|
3|268435456|2|.007568|
3|268435456|6|.030037|
3|268435456|6|.129429|
3|268435456|6|.170449|
3|268435456|6|.116653|
3|268435456|6|.18391|
3|268435456|10|.114553|
3|268435456|10|.022295|
3|268435456|10|.003967|
3|268435456|10|.02225|
3|268435456|10|.009357|
3|1073741824|2|.026738|
3|1073741824|2|.102682|
3|1073741824|2|.005104|
3|1073741824|2|.086854|
3|1073741824|2|.099896|
3|1073741824|6|.264067|
3|1073741824|6|.036633|
3|1073741824|6|.045408|
3|1073741824|6|.260384|
3|1073741824|6|.238413|
3|1073741824|10|.017463|
3|1073741824|10|.01241|
3|1073741824|10|.026753|
3|1073741824|10|.01897|
3|1073741824|10|.002238|
4|64|2|.117435|
4|64|2|.09859|
4|64|2|.181617|
4|64|2|.161486|
4|64|2|.117353|
4|64|6|.232556|
4|64|6|.116825|
4|64|6|.261121|
4|64|6|.261803|
4|64|6|.153369|
4|64|10|.090796|
4|64|10|.025441|
4|64|10|.11616|
4|64|10|.663269|
4|64|10|.415301|
4|256|2|.114042|
4|256|2|3.65897|
4|256|2|.803989|
4|256|2|10.7768|
4|256|2|.546954|
4|256|6|1.01018|
4|256|6|3.10842|
4|256|6|.3541|
4|256|6|.314964|
4|256|6|4.46151|
4|256|10|.512591|
4|256|10|.142083|
4|256|10|.620611|
4|256|10|.122227|
4|256|10|.379294|
4|1024|2|.10983|
4|1024|2|.218077|
4|1024|2|.027833|
4|1024|2|.121424|
4|1024|2|.223815|
4|1024|6|.668203|
4|1024|6|.293318|
4|1024|6|.869108|
4|1024|6|1.04328|
4|1024|6|.339058|
4|1024|10|.629621|
4|1024|10|.62685|
4|1024|10|.275293|
4|1024|10|.403695|
4|1024|10|.51461|
4|4096|2|.392034|
4|4096|2|.281184|
4|4096|2|.184793|
4|4096|2|.116733|
4|4096|2|.111097|
4|4096|6|.535159|
4|4096|6|.686434|
4|4096|6|.224348|
4|4096|6|1.26517|
4|4096|6|2.54375|
4|4096|10|.469916|
4|4096|10|4.98135|
4|4096|10|.497253|
4|4096|10|2.57043|
4|4096|10|1.07487|
4|16384|2|1.95802|
4|16384|2|6.41118|
4|16384|2|.11441|
4|16384|2|.126872|
4|16384|2|.427525|
4|16384|6|.634168|
4|16384|6|4.53823|
4|16384|6|.532669|
4|16384|6|2.23279|
4|16384|6|44.3489|
4|16384|10|5.92087|
4|16384|10|.459409|
4|16384|10|2.85817|
4|16384|10|1.91539|
4|16384|10|1.46464|
4|65536|2|44.4184|
4|65536|2|.777132|
4|65536|2|1.17186|
4|65536|2|.745142|
4|65536|2|10.8921|
4|65536|6|2.7344|
4|65536|6|.108753|
4|65536|6|1.36566|
4|65536|6|3.70456|
4|65536|6|.741273|
4|65536|10|1.39204|
4|65536|10|1.89563|
4|65536|10|1.56632|
4|65536|10|1.54632|
4|65536|10|.263081|
4|262144|2|78.7514|
4|262144|2|.232043|
4|262144|2|3.53364|
4|262144|2|.772027|
4|262144|2|.283688|
4|262144|6|22.9297|
4|262144|6|1.67765|
4|262144|6|1.68216|
4|262144|6|3.49098|
4|262144|6|1.08726|
4|262144|10|1.888|
4|262144|10|1.44572|
4|262144|10|8.35334|
4|262144|10|10.4038|
4|262144|10|19.4979|
4|1048576|2|.694354|
4|1048576|2|.238003|
4|1048576|2|11.2829|
4|1048576|2|.307478|
4|1048576|2|.301626|
4|1048576|6|1.67794|
4|1048576|6|6.08264|
4|1048576|6|7.98044|
4|1048576|6|9.11874|
4|1048576|6|2.69275|
4|1048576|10|1.23287|
4|1048576|10|3.05213|
4|1048576|10|.39653|
4|1048576|10|.559818|
4|1048576|10|2.20233|
4|4194304|2|16.422|
4|4194304|2|.329734|
4|4194304|2|.378669|
4|4194304|2|.529771|
4|4194304|2|3.25521|
4|4194304|6|2.1848|
4|4194304|6|1.99435|
4|4194304|6|1.23416|
4|4194304|6|4.35098|
4|4194304|6|3.071|
4|4194304|10|.348996|
4|4194304|10|6.13801|
4|4194304|10|.453347|
4|4194304|10|1.54934|
4|4194304|10|3.06771|
4|16777216|2|.264438|
4|16777216|2|.178047|
4|16777216|2|1.87516|
4|16777216|2|55.8971|
4|16777216|2|.343758|
4|16777216|6|1.4497|
4|16777216|6|5.14492|
4|16777216|6|7.30079|
4|16777216|6|13.3718|
4|16777216|6|2.82915|
4|16777216|10|.335477|
4|16777216|10|3.84321|
4|16777216|10|9.14339|
4|16777216|10|10.7874|
4|16777216|10|4.97359|
4|67108864|2|5.63418|
4|67108864|2|6.53485|
4|67108864|2|1.24443|
4|67108864|2|4.44672|
4|67108864|2|23.326|
4|67108864|6|7.34152|
4|67108864|6|3.08984|
4|67108864|6|9.54164|
4|67108864|6|43.4202|
4|67108864|6|9.54785|
4|67108864|10|15.6973|
4|67108864|10|6.80935|
4|67108864|10|11.4125|
4|67108864|10|7.06106|
4|67108864|10|3.04135|
4|268435456|2|1.62467|
4|268435456|2|94.0651|
4|268435456|2|1.23006|
4|268435456|2|51.2916|
4|268435456|2|.843862|
4|268435456|6|3.28201|
4|268435456|6|1.89207|
4|268435456|6|3.40684|
4|268435456|6|2.55444|
4|268435456|6|4.66899|
4|268435456|10|9.74514|
4|268435456|10|.778889|
4|268435456|10|1.36564|
4|268435456|10|5.41984|
4|268435456|10|1.62957|
4|1073741824|2|28.3441|
4|1073741824|2|3.13304|
4|1073741824|2|.127412|
4|1073741824|2|.264422|
4|1073741824|2|2.65708|
4|1073741824|6|5.66069|
4|1073741824|6|2.12127|
4|1073741824|6|2.10319|
4|1073741824|6|6.62467|
4|1073741824|6|23.4713|
4|1073741824|10|12.25|
4|1073741824|10|1.42704|
4|1073741824|10|9.74385|
4|1073741824|10|1.3908|
4|1073741824|10|2.16579|
5|64|2|2.53035|
5|64|2|.331161|
5|64|2|21.0007|
5|64|2|.504034|
5|64|2|1.31792|
5|64|6|23.877|
5|64|6|3.61812|
5|64|6|1.55862|
5|64|6|1.17885|
5|64|6|3.54037|
5|64|10|27.9128|
5|64|10|6.83556|
5|64|10|12.8403|
5|64|10|45.8258|
5|64|10|30.8791|
5|64|2|.637449|
5|64|2|.236131|
5|64|2|.478946|
5|64|2|.137148|
5|64|2|2.03745|
5|64|6|24.0149|
5|64|6|17.7905|
5|64|6|1.1585|
5|64|6|7.98664|
5|64|6|1.7625|
5|64|10|11.4615|
5|64|10|2.42964|
5|64|10|30.1261|
5|64|10|8.2369|
5|64|10|1.65033|
5|256|2|9.33937|
5|256|2|55.0372|
5|256|2|209.223|
5|256|2|.946325|
5|256|2|4.35771|
5|256|6|5.13685|
5|256|6|25.4207|
5|256|6|18.383|
5|256|6|2.72479|
5|256|6|12.5537|
5|256|10|5.79962|
5|256|10|5.51748|
5|256|10|23.2485|
5|256|10|46.6752|
5|256|10|42.8478|
5|1024|2|.98154|
5|1024|2|19.534|
5|1024|2|583.929|
5|1024|2|11.2995|
5|1024|2|.521991|
5|1024|6|2.44972|
5|1024|6|58.7954|
5|1024|6|15.8744|
5|1024|6|2.72356|
5|1024|6|54.271|
5|1024|10|46.3744|
5|1024|10|136.843|
5|1024|10|10.0781|
5|1024|10|15.6681|
5|1024|10|230.05|
