4|64|2|.859936|
4|64|2|.12014|
4|64|2|.120162|
4|64|2|.183208|
4|64|2|.108483|
4|64|2|.145986|
4|64|2|.146202|
4|64|2|.174284|
4|64|2|.173069|
4|64|2|.123635|
4|64|6|.186698|
4|64|6|.144799|
4|64|6|.231022|
4|64|6|.750111|
4|64|6|.270964|
4|256|2|.172399|
4|256|2|.171815|
4|256|2|.016372|
4|256|2|.016338|
4|256|2|.18537|
4|256|6|.526856|
4|256|6|.590354|
4|256|6|.168085|
4|256|6|.230538|
4|256|6|3.32351|
4|1024|2|1.54985|
4|1024|2|.32398|
4|1024|2|.092315|
4|1024|2|20.9121|
4|1024|2|.112749|
4|1024|6|.688084|
4|1024|6|.895898|
4|1024|6|.60276|
4|1024|6|.359949|
4|1024|6|.801931|
4|4096|2|.401014|
4|4096|2|.278534|
4|4096|2|.281409|
4|4096|2|.138455|
4|4096|2|3.34657|
4|4096|6|.150582|
4|4096|6|.763112|
4|4096|6|17.5053|
4|4096|6|.630529|
4|4096|6|.436986|
6|64|2|26.6441|
6|64|2|.657754|
6|64|2|.965117|
6|64|2|68.4716|
6|64|2|18.2825|
6|64|6|21.2801|
6|64|6|56.8224|
6|64|6|38.0091|
6|64|6|14.2513|
6|64|6|50.2712|
6|256|2|945.182|
6|256|2|33.7581|
6|256|2|787.615|
6|256|2|161.233|
6|256|2|19.4968|
6|256|6|24.7098|
6|256|6|55.2483|
6|256|6|186.602|
6|256|6|32.3885|
6|256|6|30.6615|
6|1024|2|10.6886|
6|1024|2|413.337|
4|64|2|.112403|
4|64|2|.116873|
4|64|2|.116851|
4|64|2|.202131|
4|64|2|.202145|
4|64|6|.33046|
4|64|6|.146643|
4|64|6|.146629|
4|64|6|.193385|
4|64|6|.194756|
4|256|2|1.66478|
4|256|2|.193551|
4|256|2|.100681|
4|256|2|.100532|
4|256|2|.27831|
4|256|6|1.04613|
4|256|6|1.20058|
4|256|6|.519601|
4|256|6|.172739|
4|256|6|.239489|
6|64|2|13.0753|
6|64|2|1.06324|
6|64|2|4.36157|
4|64|2|.162639|
4|64|2|.086027|
4|64|2|.107002|
4|64|2|.022245|
4|64|2|.090679|
4|64|6|.333409|
4|64|6|1.33426|
4|64|6|.341767|
4|64|6|.152539|
4|64|6|9.82581|
4|256|2|.281788|
4|256|2|.112507|
4|256|2|.024816|
4|256|2|.113375|
4|256|2|1.0786|
4|64|2|.082758|
4|64|2|.32303|
4|64|2|.085241|
4|64|2|.026496|
4|64|2|2.20078|
4|64|6|4.03119|
4|64|6|3.53876|
4|64|6|.208651|
4|64|6|.195308|
4|64|6|.728234|
4|256|2|.996963|
4|256|2|.08524|
4|256|2|.132746|
4|256|2|.108924|
4|256|2|.100052|
4|256|6|.225361|
4|256|6|.587529|
4|256|6|.763501|
4|256|6|.558723|
4|256|6|12.3743|
6|64|2|5.61656|
4|64|2|.09241|
4|64|2|.099914|
4|64|2|.025159|
4|64|2|.029677|
4|64|2|.1987|
4|64|6|.02781|
4|64|6|.106545|
4|64|6|.197794|
4|64|6|.838993|
4|64|6|.281328|
4|256|2|.491055|
4|256|2|.234837|
4|256|2|.270566|
4|256|2|.327568|
4|256|2|.026271|
4|256|6|.480467|
4|256|6|.239574|
4|256|6|.273541|
4|256|6|.396915|
4|256|6|.496627|
4|64|2|.025418|
4|64|2|.104753|
4|64|2|.107471|
4|64|2|.030097|
4|64|2|.567318|
4|64|6|.343113|
4|64|6|.18148|
4|64|6|.339097|
4|64|6|.327157|
4|64|6|.425277|
4|256|2|.122887|
4|256|2|.103453|
4|256|2|.10276|
4|256|2|.172202|
4|256|2|.133332|
4|256|6|.574938|
4|256|6|.744471|
4|256|6|.386766|
4|256|6|.830925|
4|256|6|.468372|
6|64|2|5.68489|
4|64|2|.132364|
4|64|2|.228332|
4|64|2|.115232|
6|64|2|1.33314|
6|64|2|.893019|
6|64|2|13.9998|
6|64|2|188.945|
6|64|2|5.73771|
6|64|6|22.0169|
6|64|6|4.99857|
4|64|2|.015221|
4|64|2|.092832|
4|64|2|.088988|
4|64|2|.020208|
4|64|2|.206175|
4|64|6|.17394|
4|64|6|.120649|
4|64|6|.098|
4|64|6|.210205|
4|64|6|.136962|
4|64|10|.42209|
4|64|10|.168706|
4|64|10|.438509|
4|64|10|.144095|
4|64|10|.131932|
4|256|2|.235965|
4|256|2|.09135|
4|256|2|.137693|
4|256|2|.092414|
4|256|2|.098704|
4|256|6|.483943|
4|256|6|.749555|
4|256|6|.153199|
4|256|6|.209697|
4|256|6|.528165|
4|256|10|.146595|
4|256|10|.242475|
4|256|10|.637831|
4|256|10|.23831|
4|256|10|.152972|
4|1024|2|.091787|
4|1024|2|13.3231|
4|1024|2|.655922|
4|1024|2|.289669|
4|1024|2|.263811|
4|1024|6|1.75|
4|1024|6|1.00928|
4|1024|6|12.399|
4|1024|6|.373569|
4|1024|6|.565174|
4|1024|10|.737559|
4|1024|10|.691348|
4|1024|10|.273053|
4|1024|10|.141365|
4|1024|10|.769994|
4|4096|2|.192438|
4|4096|2|.093499|
4|4096|2|1.82843|
4|4096|2|1.70264|
4|4096|2|.492222|
4|4096|6|.771061|
4|4096|6|1.28004|
4|4096|6|1.30309|
4|4096|6|2.06466|
4|4096|6|3.62071|
4|4096|10|2.49239|
4|4096|10|1.82407|
4|4096|10|.558676|
4|4096|10|.114963|
4|4096|10|.561111|
4|16384|2|.137943|
4|16384|2|34.017|
4|16384|2|.537764|
4|16384|2|25.9573|
4|16384|2|.220357|
4|16384|6|.630143|
4|16384|6|5.20963|
4|16384|6|1.90169|
4|16384|6|9.64253|
4|16384|6|.489077|
4|16384|10|.401352|
4|16384|10|.337953|
4|16384|10|2.10533|
4|16384|10|2.21075|
4|16384|10|.690096|
4|65536|2|.148741|
4|65536|2|.890376|
4|65536|2|1.30476|
4|65536|2|40.1549|
4|65536|2|2.05152|
4|65536|6|.29202|
4|65536|6|2.15955|
4|65536|6|1.13848|
4|65536|6|3.07469|
4|65536|6|1.3687|
4|65536|10|.762385|
4|65536|10|2.08862|
4|65536|10|2.05262|
4|65536|10|.66357|
4|65536|10|2.32405|
4|262144|2|1.39542|
4|262144|2|.504941|
4|262144|2|.208042|
4|262144|2|.142123|
4|262144|2|.480276|
4|262144|6|1.36857|
4|262144|6|.988214|
4|262144|6|2.29223|
4|262144|6|1.09041|
4|262144|6|2.47744|
4|262144|10|3.24804|
4|262144|10|.273792|
4|262144|10|1.32776|
4|262144|10|.51631|
4|262144|10|4.09532|
4|1048576|2|.283101|
4|1048576|2|1.27449|
4|1048576|2|.12403|
4|1048576|2|.141083|
4|1048576|2|.175986|
4|1048576|6|3.3553|
4|1048576|6|2.54971|
4|1048576|6|1.11927|
4|1048576|6|2.24701|
4|1048576|6|24.7818|
4|1048576|10|1.57852|
4|1048576|10|1.06568|
4|1048576|10|1.22644|
4|1048576|10|1.82245|
4|1048576|10|.292798|
4|4194304|2|.291777|
4|4194304|2|.36053|
4|4194304|2|.280736|
4|4194304|2|4.76504|
4|4194304|2|.529819|
4|4194304|6|2.12262|
4|4194304|6|1.59678|
4|4194304|6|2.5256|
4|4194304|6|3.65074|
4|4194304|6|3.45115|
4|4194304|10|2.53777|
4|4194304|10|.119902|
4|4194304|10|.794687|
4|4194304|10|1.21809|
4|4194304|10|4.20638|
4|16777216|2|.17571|
4|16777216|2|7.04189|
4|16777216|2|.594433|
4|16777216|2|6.38576|
4|16777216|2|.199273|
4|16777216|6|4.25902|
4|16777216|6|2.0653|
4|16777216|6|5.26167|
4|16777216|6|2.31598|
4|16777216|6|4.31922|
4|16777216|10|2.31839|
4|16777216|10|4.57917|
4|16777216|10|3.39628|
4|16777216|10|2.61211|
4|16777216|10|12.4134|
4|67108864|2|55.7659|
4|67108864|2|.421118|
4|67108864|2|.296139|
4|67108864|2|.680498|
4|67108864|2|.189076|
4|67108864|6|1.41256|
4|67108864|6|3.88233|
4|67108864|6|2.97925|
4|67108864|6|.758861|
4|67108864|6|.925932|
4|67108864|10|1.73045|
4|67108864|10|3.29021|
4|67108864|10|3.2149|
4|67108864|10|4.72805|
4|67108864|10|.568632|
4|268435456|2|.349654|
4|268435456|2|17.4479|
4|268435456|2|.609272|
4|268435456|2|4.39393|
4|268435456|2|2.31008|
4|268435456|6|2.19633|
4|268435456|6|6.42554|
4|268435456|6|2.01354|
4|268435456|6|5.48368|
4|268435456|6|1.63963|
4|268435456|10|17.6929|
4|268435456|10|2.57219|
4|268435456|10|.362715|
4|268435456|10|6.77324|
4|268435456|10|3.30771|
4|1073741824|2|.389138|
4|1073741824|2|3.97347|
4|1073741824|2|.372899|
4|1073741824|2|122.462|
4|1073741824|2|5.04018|
4|1073741824|6|5.15813|
4|1073741824|6|8.92894|
4|1073741824|6|7.8032|
4|1073741824|6|3.03422|
4|1073741824|6|10.7125|
4|1073741824|10|1.30728|
4|1073741824|10|2.48444|
4|1073741824|10|.458041|
4|1073741824|10|1.06477|
4|1073741824|10|7.34698|
3|64|2|.014177|
3|64|2|.007106|
3|64|2|.004478|
3|64|2|.013382|
3|64|2|.006933|
3|64|6|.008795|
3|64|6|.005819|
3|64|6|.026629|
3|64|6|.008169|
3|64|6|.008029|
3|64|10|.005221|
3|64|10|.007849|
3|64|10|.004555|
3|64|10|.00788|
3|64|10|.007666|
3|256|2|.015152|
3|256|2|.031388|
3|256|2|.010945|
3|256|2|.006428|
3|256|2|.016478|
3|256|6|.104892|
3|256|6|.015945|
3|256|6|.005147|
3|256|6|.009841|
3|256|6|.090846|
3|256|10|.010026|
3|256|10|.006943|
3|256|10|.002421|
3|256|10|.007015|
3|256|10|.008561|
3|1024|2|.009907|
3|1024|2|.014433|
3|1024|2|.022033|
3|1024|2|.017271|
3|1024|2|.019783|
3|1024|6|.260251|
3|1024|6|.022951|
3|1024|6|.016207|
3|1024|6|.091721|
3|1024|6|.010813|
3|1024|10|.002504|
3|1024|10|.005343|
3|1024|10|.004146|
3|1024|10|.007602|
3|1024|10|.004247|
3|4096|2|.008835|
3|4096|2|.028542|
3|4096|2|.021395|
3|4096|2|.007063|
3|4096|2|.088079|
3|4096|6|.011179|
3|4096|6|.021867|
3|4096|6|.197305|
3|4096|6|.01558|
3|4096|6|.021643|
3|4096|10|.005953|
3|4096|10|.00298|
3|4096|10|.006861|
3|4096|10|.003872|
3|4096|10|.01306|
3|16384|2|.100663|
3|16384|2|.095792|
3|16384|2|.0047|
3|16384|2|.014644|
3|16384|2|.102304|
3|16384|6|.032034|
3|16384|6|.014437|
3|16384|6|.016008|
3|16384|6|.172954|
3|16384|6|.115619|
3|16384|10|.005315|
3|16384|10|.009926|
3|16384|10|.008228|
3|16384|10|.006817|
3|16384|10|.007924|
3|65536|2|.025589|
3|65536|2|.026819|
3|65536|2|.082257|
3|65536|2|.015918|
3|65536|2|.014136|
3|65536|6|.033113|
3|65536|6|.136925|
3|65536|6|.033083|
3|65536|6|.039372|
3|65536|6|.039991|
3|65536|10|.013742|
3|65536|10|.012787|
3|65536|10|.011089|
3|65536|10|.012387|
3|65536|10|.010233|
3|262144|2|.009753|
3|262144|2|.016263|
3|262144|2|.014635|
3|262144|2|.010963|
3|262144|2|.012282|
3|262144|6|.172885|
3|262144|6|.13071|
3|262144|6|.042864|
3|262144|6|.150254|
3|262144|6|.016447|
3|262144|10|.014567|
3|262144|10|.012705|
3|262144|10|.013571|
3|262144|10|.003076|
3|262144|10|.007991|
3|1048576|2|.01217|
3|1048576|2|.016315|
3|1048576|2|.136562|
3|1048576|2|.014322|
3|1048576|2|.015364|
3|1048576|6|.066963|
3|1048576|6|.034313|
3|1048576|6|.104392|
3|1048576|6|.051674|
3|1048576|6|.383021|
3|1048576|10|.005425|
3|1048576|10|.00948|
3|1048576|10|.008784|
3|1048576|10|.018475|
3|1048576|10|.024342|
3|4194304|2|.12781|
3|4194304|2|.016097|
3|4194304|2|.006223|
3|4194304|2|.01624|
3|4194304|2|.022484|
3|4194304|6|.110473|
3|4194304|6|.118984|
3|4194304|6|.180934|
3|4194304|6|.134173|
3|4194304|6|.096315|
3|4194304|10|.021245|
3|4194304|10|.010896|
3|4194304|10|.013424|
3|4194304|10|.016381|
3|4194304|10|.008137|
3|16777216|2|.020004|
3|16777216|2|.158532|
3|16777216|2|.933428|
3|16777216|2|.102514|
3|16777216|2|.209575|
3|16777216|6|.035592|
3|16777216|6|.118704|
3|16777216|6|.334951|
3|16777216|6|.032134|
3|16777216|6|.043661|
3|16777216|10|.015404|
3|16777216|10|.018146|
3|16777216|10|.090613|
3|16777216|10|.023241|
3|16777216|10|.013469|
3|67108864|2|.019586|
3|67108864|2|.083014|
3|67108864|2|.097059|
3|67108864|2|.026551|
3|67108864|2|.003618|
3|67108864|6|.017624|
3|67108864|6|.013315|
3|67108864|6|.10316|
3|67108864|6|.008143|
3|67108864|6|.106179|
3|67108864|10|.046719|
3|67108864|10|.01584|
3|67108864|10|.022945|
3|67108864|10|.016732|
3|67108864|10|.026129|
3|268435456|2|.017293|
3|268435456|2|.026859|
3|268435456|2|.018684|
3|268435456|2|.132344|
3|268435456|2|.007568|
3|268435456|6|.030037|
3|268435456|6|.129429|
3|268435456|6|.170449|
3|268435456|6|.116653|
3|268435456|6|.18391|
3|268435456|10|.114553|
3|268435456|10|.022295|
3|268435456|10|.003967|
3|268435456|10|.02225|
3|268435456|10|.009357|
3|1073741824|2|.026738|
3|1073741824|2|.102682|
3|1073741824|2|.005104|
3|1073741824|2|.086854|
3|1073741824|2|.099896|
3|1073741824|6|.264067|
3|1073741824|6|.036633|
3|1073741824|6|.045408|
3|1073741824|6|.260384|
3|1073741824|6|.238413|
3|1073741824|10|.017463|
3|1073741824|10|.01241|
3|1073741824|10|.026753|
3|1073741824|10|.01897|
3|1073741824|10|.002238|
4|64|2|.117435|
4|64|2|.09859|
4|64|2|.181617|
4|64|2|.161486|
4|64|2|.117353|
4|64|6|.232556|
4|64|6|.116825|
4|64|6|.261121|
4|64|6|.261803|
4|64|6|.153369|
4|64|10|.090796|
4|64|10|.025441|
4|64|10|.11616|
4|64|10|.663269|
4|64|10|.415301|
4|256|2|.114042|
4|256|2|3.65897|
4|256|2|.803989|
4|256|2|10.7768|
4|256|2|.546954|
4|256|6|1.01018|
4|256|6|3.10842|
4|256|6|.3541|
4|256|6|.314964|
4|256|6|4.46151|
4|256|10|.512591|
4|256|10|.142083|
4|256|10|.620611|
4|256|10|.122227|
4|256|10|.379294|
4|1024|2|.10983|
4|1024|2|.218077|
4|1024|2|.027833|
4|1024|2|.121424|
4|1024|2|.223815|
4|1024|6|.668203|
4|1024|6|.293318|
4|1024|6|.869108|
4|1024|6|1.04328|
4|1024|6|.339058|
4|1024|10|.629621|
4|1024|10|.62685|
4|1024|10|.275293|
4|1024|10|.403695|
4|1024|10|.51461|
4|4096|2|.392034|
4|4096|2|.281184|
4|4096|2|.184793|
4|4096|2|.116733|
4|4096|2|.111097|
4|4096|6|.535159|
4|4096|6|.686434|
4|4096|6|.224348|
4|4096|6|1.26517|
4|4096|6|2.54375|
4|4096|10|.469916|
4|4096|10|4.98135|
4|4096|10|.497253|
4|4096|10|2.57043|
4|4096|10|1.07487|
4|16384|2|1.95802|
4|16384|2|6.41118|
4|16384|2|.11441|
4|16384|2|.126872|
4|16384|2|.427525|
4|16384|6|.634168|
4|16384|6|4.53823|
4|16384|6|.532669|
4|16384|6|2.23279|
4|16384|6|44.3489|
4|16384|10|5.92087|
4|16384|10|.459409|
4|16384|10|2.85817|
4|16384|10|1.91539|
4|16384|10|1.46464|
4|65536|2|44.4184|
4|65536|2|.777132|
4|65536|2|1.17186|
4|65536|2|.745142|
4|65536|2|10.8921|
4|65536|6|2.7344|
4|65536|6|.108753|
4|65536|6|1.36566|
4|65536|6|3.70456|
4|65536|6|.741273|
4|65536|10|1.39204|
4|65536|10|1.89563|
4|65536|10|1.56632|
4|65536|10|1.54632|
4|65536|10|.263081|
4|262144|2|78.7514|
4|262144|2|.232043|
4|262144|2|3.53364|
4|262144|2|.772027|
4|262144|2|.283688|
4|262144|6|22.9297|
4|262144|6|1.67765|
4|262144|6|1.68216|
4|262144|6|3.49098|
4|262144|6|1.08726|
4|262144|10|1.888|
4|262144|10|1.44572|
4|262144|10|8.35334|
4|262144|10|10.4038|
4|262144|10|19.4979|
4|1048576|2|.694354|
4|1048576|2|.238003|
4|1048576|2|11.2829|
4|1048576|2|.307478|
4|1048576|2|.301626|
4|1048576|6|1.67794|
4|1048576|6|6.08264|
4|1048576|6|7.98044|
4|1048576|6|9.11874|
4|1048576|6|2.69275|
4|1048576|10|1.23287|
4|1048576|10|3.05213|
4|1048576|10|.39653|
4|1048576|10|.559818|
4|1048576|10|2.20233|
4|4194304|2|16.422|
4|4194304|2|.329734|
4|4194304|2|.378669|
4|4194304|2|.529771|
4|4194304|2|3.25521|
4|4194304|6|2.1848|
4|4194304|6|1.99435|
4|4194304|6|1.23416|
4|4194304|6|4.35098|
4|4194304|6|3.071|
4|4194304|10|.348996|
4|4194304|10|6.13801|
4|4194304|10|.453347|
4|4194304|10|1.54934|
4|4194304|10|3.06771|
4|16777216|2|.264438|
4|16777216|2|.178047|
4|16777216|2|1.87516|
4|16777216|2|55.8971|
4|16777216|2|.343758|
4|16777216|6|1.4497|
4|16777216|6|5.14492|
4|16777216|6|7.30079|
4|16777216|6|13.3718|
4|16777216|6|2.82915|
4|16777216|10|.335477|
4|16777216|10|3.84321|
4|16777216|10|9.14339|
4|16777216|10|10.7874|
4|16777216|10|4.97359|
4|67108864|2|5.63418|
4|67108864|2|6.53485|
4|67108864|2|1.24443|
4|67108864|2|4.44672|
4|67108864|2|23.326|
4|67108864|6|7.34152|
4|67108864|6|3.08984|
4|67108864|6|9.54164|
4|67108864|6|43.4202|
4|67108864|6|9.54785|
4|67108864|10|15.6973|
4|67108864|10|6.80935|
4|67108864|10|11.4125|
4|67108864|10|7.06106|
4|67108864|10|3.04135|
4|268435456|2|1.62467|
4|268435456|2|94.0651|
4|268435456|2|1.23006|
4|268435456|2|51.2916|
4|268435456|2|.843862|
4|268435456|6|3.28201|
4|268435456|6|1.89207|
4|268435456|6|3.40684|
4|268435456|6|2.55444|
4|268435456|6|4.66899|
4|268435456|10|9.74514|
4|268435456|10|.778889|
4|268435456|10|1.36564|
4|268435456|10|5.41984|
4|268435456|10|1.62957|
4|1073741824|2|28.3441|
4|1073741824|2|3.13304|
4|1073741824|2|.127412|
4|1073741824|2|.264422|
4|1073741824|2|2.65708|
4|1073741824|6|5.66069|
4|1073741824|6|2.12127|
4|1073741824|6|2.10319|
4|1073741824|6|6.62467|
4|1073741824|6|23.4713|
4|1073741824|10|12.25|
4|1073741824|10|1.42704|
4|1073741824|10|9.74385|
4|1073741824|10|1.3908|
4|1073741824|10|2.16579|
5|64|2|2.53035|
5|64|2|.331161|
5|64|2|21.0007|
5|64|2|.504034|
5|64|2|1.31792|
5|64|6|23.877|
5|64|6|3.61812|
5|64|6|1.55862|
5|64|6|1.17885|
5|64|6|3.54037|
5|64|10|27.9128|
5|64|10|6.83556|
5|64|10|12.8403|
5|64|10|45.8258|
5|64|10|30.8791|
5|64|2|.637449|
5|64|2|.236131|
5|64|2|.478946|
5|64|2|.137148|
5|64|2|2.03745|
5|64|6|24.0149|
5|64|6|17.7905|
5|64|6|1.1585|
5|64|6|7.98664|
5|64|6|1.7625|
5|64|10|11.4615|
5|64|10|2.42964|
5|64|10|30.1261|
5|64|10|8.2369|
5|64|10|1.65033|
5|256|2|9.33937|
5|256|2|55.0372|
5|256|2|209.223|
5|256|2|.946325|
5|256|2|4.35771|
5|256|6|5.13685|
5|256|6|25.4207|
5|256|6|18.383|
5|256|6|2.72479|
5|256|6|12.5537|
5|256|10|5.79962|
5|256|10|5.51748|
5|256|10|23.2485|
5|256|10|46.6752|
5|256|10|42.8478|
5|1024|2|.98154|
5|1024|2|19.534|
5|1024|2|583.929|
5|1024|2|11.2995|
5|1024|2|.521991|
5|1024|6|2.44972|
5|1024|6|58.7954|
5|1024|6|15.8744|
5|1024|6|2.72356|
5|1024|6|54.271|
5|1024|10|46.3744|
5|1024|10|136.843|
5|1024|10|10.0781|
5|1024|10|15.6681|
5|1024|10|230.05|
5|64|2|28.0726|
5|64|2|.434891|
5|64|2|1.1655|
5|64|2|.210071|
5|64|2|.613576|
5|64|2|.129192|
5|64|2|3.88528|
5|64|2|208.692|
5|64|2|5.65121|
5|64|2|53.0696|
5|64|6|.673018|
5|64|6|3.17011|
5|64|6|.670085|
5|64|6|2.46898|
5|64|6|3.8116|
5|64|10|25.3063|
5|64|10|6.61116|
5|64|10|29.5362|
5|64|10|8.3424|
5|64|10|24.6264|
5|256|2|1.93001|
5|256|2|24.2024|
5|256|2|10.4785|
5|256|2|2.45022|
5|256|2|.270416|
5|256|6|2.51988|
5|256|6|5.4092|
5|256|6|3.20275|
5|256|6|2.24964|
5|256|6|3.57832|
5|256|10|13.0897|
5|256|10|7.3675|
5|256|10|12.4046|
5|256|10|2.99663|
5|256|10|30.8671|
5|1024|2|6.77216|
5|1024|2|17.8472|
5|1024|2|4.44971|
5|1024|2|1.42511|
5|1024|2|28.2461|
5|1024|6|16.0044|
5|1024|6|2.86905|
5|1024|6|4.3722|
5|1024|6|7.70808|
5|1024|6|9.66827|
5|1024|10|11.3222|
5|1024|10|11.2332|
5|1024|10|8.86891|
5|1024|10|6.63251|
5|1024|10|2.70274|
5|64|2|1.62403|
5|64|2|1.46758|
5|64|2|.5277|
5|64|2|.629994|
5|64|2|.574782|
5|64|6|.482523|
5|64|6|1.94207|
5|64|6|4.94623|
5|64|6|2.74964|
5|64|6|.653094|
5|64|10|6.11217|
5|64|10|2.78333|
5|64|10|23.0809|
5|64|10|12.6735|
5|64|10|26.1639|
5|256|2|.186367|
5|256|2|1.60291|
5|256|2|6.90922|
5|256|2|1.29901|
5|256|2|496.473|
5|256|6|6.82526|
5|256|6|3.14501|
5|256|6|20.7038|
5|256|6|2.66101|
5|256|6|7.33903|
5|256|10|27.5012|
5|256|10|6.04627|
5|256|10|5.99697|
5|256|10|56.8568|
5|256|10|24.5835|
5|1024|2|2.8929|
5|1024|2|.79535|
5|1024|2|185.343|
5|1024|2|4.12912|
5|1024|2|4.59509|
5|1024|6|4.02495|
5|1024|6|5.30292|
5|1024|6|11.461|
5|1024|6|10.7412|
5|1024|6|4.77248|
5|1024|10|26.2944|
5|1024|10|16.0926|
5|1024|10|32.035|
5|1024|10|83.5692|
5|1024|10|14.2132|
5|64|2|17.8737|
5|64|2|3.1623|
5|64|2|.283427|
5|64|2|6.25317|
5|64|2|.378089|
5|64|6|4.26312|
5|64|6|1.69178|
5|64|6|1.30177|
5|64|6|1.82325|
5|64|6|3.92733|
5|64|10|77.7253|
5|64|10|1.9182|
5|64|10|38.4941|
5|64|10|4.25967|
5|64|10|14.54|
5|256|2|.580934|
5|256|2|4.76144|
5|256|2|4.00662|
5|256|2|1.16114|
5|256|2|5.66191|
5|256|6|1.66566|
5|256|6|6.8201|
5|256|6|39.5449|
5|256|6|4.5511|
5|256|6|2.27803|
5|256|10|4.74679|
5|256|10|56.0431|
5|256|10|9.91209|
5|256|10|38.5446|
5|256|10|21.2626|
5|64|2|.300012|
5|64|2|2.33957|
5|64|2|.525084|
5|64|2|124.425|
5|64|2|24.0269|
5|64|6|.549862|
5|64|6|3.30052|
5|64|6|2.33694|
5|64|6|2.22402|
5|64|6|.537012|
5|64|10|12.4222|
5|64|10|8.33127|
5|64|10|7.45883|
5|64|10|8.52113|
5|64|10|1.81651|
5|256|2|104.565|
5|256|2|.279423|
5|256|2|45.3591|
5|256|2|.338817|
5|256|2|2.7368|
5|256|6|7.46686|
5|256|6|19.9721|
6|64|2|45.2668|
6|64|2|356.895|
6|64|2|6.50223|
6|64|2|92.437|
6|64|2|2.81422|
6|64|6|8.83616|
6|64|6|14.1826|
6|64|6|6.8729|
6|64|6|34.9576|
6|64|6|36.6663|
6|64|10|248.448|
6|64|10|292.022|
6|64|10|32.3923|
6|64|10|39.5067|
6|64|10|16.0967|
6|256|2|67.0305|
6|256|2|10.0199|
6|256|2|7.04064|
6|256|2|1562.68|
6|64|2|1.01926|
6|64|2|3.64934|
6|64|2|19.7625|
6|64|2|14.8713|
6|64|2|5.60469|
6|64|6|40.5532|
6|64|6|20.4035|
6|64|6|15.5201|
6|64|6|32.6612|
6|64|6|14.2702|
4|64|2|.128354|
4|64|2|.109699|
4|64|2|.477959|
4|64|2|.098713|
4|64|2|.096587|
4|64|2|.099257|
4|64|2|.029226|
4|64|2|.202812|
4|64|2|.095318|
4|64|6|.088855|
4|64|6|.136909|
4|64|6|.131373|
4|64|6|.11331|
4|64|6|.126383|
4|64|10|.164832|
4|64|10|.189586|
4|64|10|.117379|
4|64|10|.185028|
4|64|10|.172228|
4|256|2|.107553|
4|256|2|.104752|
4|256|2|.441026|
4|256|2|.268213|
4|256|2|1.14431|
4|256|6|.25947|
4|256|6|15.2735|
4|256|6|.280629|
4|256|6|.887287|
4|256|6|.709509|
4|256|10|.316045|
4|256|10|.255771|
4|256|10|.897188|
4|256|10|.321802|
4|256|10|.605842|
4|1024|2|1.60294|
4|1024|2|.37243|
4|1024|2|.433208|
4|1024|2|.137887|
4|1024|2|.122234|
4|1024|6|.351394|
4|1024|6|2.03799|
4|1024|6|.457136|
4|1024|6|.336003|
4|1024|6|.820633|
4|1024|10|.660883|
4|1024|10|.434392|
4|1024|10|.296488|
4|1024|10|1.16518|
4|1024|10|.639529|
4|4096|2|15.2814|
4|4096|2|.129025|
4|4096|2|.02079|
4|4096|2|.872942|
4|4096|2|.109986|
4|4096|6|.991139|
4|4096|6|1.53159|
4|4096|6|.259564|
4|4096|6|.545404|
4|4096|6|1.08737|
4|4096|10|3.1001|
4|4096|10|1.05816|
4|4096|10|1.06669|
4|4096|10|.583981|
4|4096|10|1.81454|
4|16384|2|.279324|
4|16384|2|.272482|
4|16384|2|.173459|
4|16384|2|2.7161|
4|16384|2|.125244|
4|16384|6|.827659|
4|16384|6|.736436|
4|16384|6|.837675|
4|16384|6|3.58137|
4|16384|6|9.73705|
4|16384|10|2.45029|
4|16384|10|.598582|
4|16384|10|.243948|
4|16384|10|1.42071|
4|16384|10|.511136|
4|65536|2|1.21924|
4|65536|2|.423181|
4|65536|2|.241776|
4|65536|2|.141891|
4|65536|2|.144374|
4|65536|6|.96425|
4|65536|6|2.76311|
4|65536|6|1.02276|
4|65536|6|6.44108|
4|65536|6|.410499|
4|65536|10|.91113|
4|65536|10|.825981|
4|65536|10|1.62519|
4|65536|10|1.54722|
4|65536|10|.316462|
4|262144|2|.317166|
4|262144|2|10.7453|
4|262144|2|.11403|
4|262144|2|.111942|
4|262144|2|.380055|
4|262144|6|.520206|
4|262144|6|8.6542|
4|262144|6|6.75577|
4|262144|6|2.64137|
4|262144|6|.922553|
4|262144|10|2.0042|
4|262144|10|.550572|
4|262144|10|2.86817|
4|262144|10|.842985|
4|262144|10|1.36134|
4|1048576|2|.278433|
4|1048576|2|.684664|
4|1048576|2|.250379|
4|1048576|2|.136799|
4|1048576|2|1.06398|
4|1048576|6|2.12945|
4|1048576|6|2.05455|
4|1048576|6|1.32058|
4|1048576|6|2.231|
4|1048576|6|1.3874|
4|1048576|10|.713268|
4|1048576|10|.377515|
4|1048576|10|1.21043|
4|1048576|10|3.68242|
4|1048576|10|.577063|
4|4194304|2|.278677|
4|4194304|2|38.0701|
4|4194304|2|.325236|
4|4194304|2|6.97746|
4|4194304|2|.499348|
4|4194304|6|1.16676|
4|4194304|6|1.56317|
4|4194304|6|.498221|
4|4194304|6|1.45147|
4|4194304|6|2.30315|
4|4194304|10|11.824|
4|4194304|10|2.95572|
4|4194304|10|1.71666|
4|4194304|10|4.39433|
4|4194304|10|1.40007|
4|16777216|2|.453027|
4|16777216|2|1.87115|
4|16777216|2|.124629|
4|16777216|2|.321942|
4|16777216|2|.216234|
4|16777216|6|1.41661|
4|16777216|6|1.71236|
4|16777216|6|1.80312|
4|16777216|6|1.38976|
4|16777216|6|3.0305|
4|16777216|10|8.21027|
4|16777216|10|1.58275|
4|16777216|10|1.12395|
4|16777216|10|1.79694|
4|16777216|10|24.3857|
4|67108864|2|99.0777|
4|67108864|2|.548119|
4|67108864|2|5.2633|
4|67108864|2|.418036|
4|67108864|2|.371153|
4|67108864|6|2.83292|
4|67108864|6|7.10787|
4|67108864|6|1.02585|
4|67108864|6|3.79535|
4|67108864|6|8.32038|
4|67108864|10|2.44275|
4|67108864|10|1.82765|
4|67108864|10|.70767|
4|67108864|10|4.70466|
4|67108864|10|1.14815|
4|268435456|2|1.79635|
4|268435456|2|.631126|
4|268435456|2|9.44878|
4|268435456|2|.783746|
4|268435456|2|.357311|
4|268435456|6|4.54757|
4|268435456|6|6.31093|
4|268435456|6|2.56142|
4|268435456|6|6.65664|
4|268435456|6|3.74459|
4|268435456|10|.819382|
4|268435456|10|.910675|
4|268435456|10|9.7331|
4|268435456|10|4.89036|
4|268435456|10|9.66247|
4|1073741824|2|.283037|
4|1073741824|2|69.3172|
4|1073741824|2|2.68185|
4|1073741824|2|.238728|
4|1073741824|2|9.52328|
4|1073741824|6|6.53499|
4|1073741824|6|3.57426|
4|1073741824|6|3.87752|
4|1073741824|6|.880633|
4|1073741824|6|5.52578|
4|1073741824|10|2.62186|
4|1073741824|10|3.0784|
4|1073741824|10|3.25777|
4|1073741824|10|2.92466|
4|1073741824|10|1.45722|
5|64|2|25.2896|
5|64|2|29.1987|
5|64|2|1.00098|
5|64|2|1.67896|
5|64|2|.222498|
5|64|6|9.31105|
5|64|6|.424897|
5|64|6|4.04475|
5|64|6|19.364|
5|64|6|15.8686|
5|64|10|41.255|
5|64|10|3.80157|
5|64|10|4.02259|
5|64|10|18.4619|
5|64|10|29.5852|
5|256|2|1.20013|
5|256|2|.968771|
5|256|2|62.5612|
5|256|2|19.327|
5|256|2|.729146|
5|256|6|4.2801|
5|256|6|3.01554|
5|256|6|6.46097|
5|256|6|15.0733|
5|256|6|21.8877|
5|256|10|10.1851|
5|256|10|17.7458|
5|256|10|5.95339|
5|256|10|32.857|
5|256|10|64.0059|
5|1024|2|1.85658|
5|1024|2|102.585|
5|1024|2|2.18239|
5|1024|2|.990099|
5|1024|2|.419151|
5|1024|6|58.7386|
5|1024|6|3.17303|
5|1024|6|9.83213|
5|1024|6|3.43546|
5|1024|6|56.1788|
5|1024|10|36.4907|
5|1024|10|26.9332|
5|1024|10|8.61253|
5|1024|10|26.7359|
5|1024|10|90.063|
5|4096|2|1764.53|
5|4096|2|17.2406|
4|64|2|.143472|
4|64|2|.025206|
4|64|2|.11714|
4|64|2|.101839|
4|64|2|.083196|
4|64|6|.241452|
4|64|6|.510048|
4|64|6|.222809|
4|64|6|.133152|
4|64|6|.377715|
4|64|10|.147617|
4|64|10|.11109|
4|64|10|.155469|
4|64|10|.087392|
4|64|10|.111675|
4|256|2|.09357|
4|256|2|.08251|
4|256|2|.099236|
4|256|2|.62844|
4|256|2|.104357|
4|256|6|.227163|
4|256|6|.235364|
4|256|6|1.10662|
4|256|6|.237053|
4|256|6|.446844|
4|256|10|.346966|
4|256|10|1.79014|
4|256|10|1.53962|
4|256|10|.144496|
4|256|10|.251521|
4|1024|2|.108306|
4|1024|2|1.05451|
4|1024|2|.270259|
4|1024|2|.081427|
4|1024|2|.443565|
4|1024|6|1.69672|
4|1024|6|.512183|
4|1024|6|5.46712|
4|1024|6|.344752|
4|1024|6|.985611|
4|1024|10|.329245|
4|1024|10|.428094|
4|1024|10|.591887|
4|1024|10|1.02003|
4|1024|10|.307406|
4|64|2|.087341|
4|64|2|.211974|
4|64|2|.079196|
4|64|2|.518357|
4|64|2|.116645|
4|64|6|.287658|
4|64|6|1.26856|
4|64|6|.029077|
4|64|6|.095938|
4|64|6|.169528|
4|64|10|.080354|
4|64|10|.142182|
4|64|10|.267643|
4|64|10|.143068|
4|64|10|.178217|
6|2|2|.087311|
6|2|2|.033684|
6|2|2|.088045|
6|2|2|.09204|
6|2|2|.090171|
6|2|6|.126189|
6|2|6|.209086|
6|2|6|.167123|
6|2|6|.135694|
6|2|6|.135982|
6|2|10|.244973|
6|2|10|.090003|
6|2|10|.099183|
6|2|10|.112759|
6|2|10|.13865|
6|8|2|.191315|
6|8|2|1.09241|
6|8|2|.442566|
6|2|2|.094453|
6|2|2|.035692|
6|2|2|.034387|
6|2|2|.105483|
6|2|2|.094515|
6|2|6|.190085|
6|2|6|.11766|
6|2|6|.123934|
6|2|6|.29605|
6|2|6|.130396|
6|2|10|.108495|
6|2|10|.103872|
6|2|10|.124154|
6|2|10|.116719|
6|2|10|.123766|
6|8|2|38.544|
6|8|2|.243331|
6|8|2|.253174|
6|8|2|5.20253|
6|8|2|1.61636|
6|8|6|1.83707|
6|8|6|2.85405|
6|8|6|1.26496|
6|8|6|3.595|
6|8|6|2.89719|
6|8|10|17.083|
6|8|10|2.79475|
6|8|10|9.21736|
6|8|10|1.40623|
6|8|10|41.5565|
6|32|2|333.364|
6|2|2|.012437|
6|2|2|.029605|
6|2|2|.108325|
6|2|2|.031751|
6|2|2|.090357|
6|2|6|.128702|
6|2|6|.134804|
6|2|6|.187018|
6|2|6|.132002|
6|2|6|.212151|
6|2|10|.119453|
6|2|10|.156042|
6|2|10|.110061|
6|2|10|.497285|
6|2|10|.111808|
6|8|2|.325267|
6|8|2|.438663|
6|8|2|23.944|
6|8|2|.327844|
6|8|2|.371687|
6|8|6|.934578|
6|8|6|11.6612|
6|8|6|48.2367|
6|8|6|2.95226|
6|8|6|8.81143|
6|8|10|12.8757|
6|8|10|9.57928|
6|8|10|.612809|
6|8|10|4.06049|
6|8|10|2.19499|
6|32|2|15.0292|
6|32|2|35.3894|
6|32|2|87.7702|
6|2|2|.090405|
6|2|2|.023999|
6|2|2|.090941|
6|2|2|.026896|
6|2|2|.095772|
6|2|6|.123362|
6|2|6|.1369|
6|2|6|.154655|
6|2|6|.158464|
6|2|6|.197664|
6|2|10|.226285|
6|2|10|.10362|
6|2|10|.112455|
6|2|10|.227375|
6|2|10|.137113|
6|8|2|.379083|
6|8|2|.518262|
6|8|2|.658096|
6|8|2|.830489|
6|8|2|.287206|
6|8|6|2.79848|
6|8|6|1.0901|
6|8|6|4.10913|
6|8|6|2.25686|
6|8|6|3.7889|
6|8|10|1.28315|
6|8|10|5.3243|
6|8|10|1.19871|
6|8|10|3.05823|
6|8|10|6.01723|
6|32|2|3.13376|
6|32|2|140.502|
6|32|2|14.2701|
6|32|2|26.8737|
6|32|2|.201156|
6|32|6|44.5133|
6|32|6|24.6126|
6|32|6|6.95444|
6|32|6|6.13928|
6|32|6|25.1652|
6|32|10|46.6982|
6|32|10|6.00917|
6|32|10|37.9625|
6|32|10|13.4579|
6|32|10|17.6818|
6|128|2|16.8226|
6|128|2|11.7485|
6|2|2|.09308|
6|2|2|.110293|
6|2|2|.092|
6|2|2|.027972|
6|2|2|.103208|
6|2|6|.122376|
6|2|6|.122426|
6|2|6|.127134|
6|2|6|.133886|
6|2|6|.212358|
6|2|10|.170881|
6|2|10|.130468|
6|2|10|.100861|
6|2|10|.105005|
6|2|10|.121424|
6|8|2|.980611|
6|8|2|5.32084|
6|8|2|1.18687|
6|8|2|.226738|
6|8|2|.488672|
6|8|6|3.6025|
6|8|6|7.20636|
6|8|6|2.45652|
6|8|6|4.64808|
6|8|6|1.70867|
6|8|10|1.40493|
6|8|10|6.22516|
6|8|10|5.07094|
6|8|10|3.75085|
6|8|10|3.73326|
6|32|2|2.1341|
6|32|2|99.6619|
6|32|2|5.58691|
6|32|2|.632806|
6|32|2|14.3896|
6|32|6|6.53119|
6|32|6|13.9832|
6|32|6|23.7089|
6|32|6|66.2507|
6|32|6|9.29971|
6|2|2|.027302|
6|2|2|.093644|
6|2|2|.032417|
6|2|2|.088029|
6|2|2|.021777|
6|2|6|.122568|
6|2|6|.129624|
6|2|6|.125787|
6|2|6|.258667|
6|2|6|.10804|
6|2|10|.096724|
6|2|10|.107653|
6|2|10|.113016|
6|2|10|.11313|
6|2|10|.140852|
6|2|2|.101927|
6|2|2|.023777|
6|2|2|.094724|
6|2|2|.089349|
6|2|2|.032179|
6|2|6|.128358|
6|2|6|.128474|
6|2|6|.116492|
6|2|6|.121862|
6|2|6|.140803|
6|2|10|.102785|
6|2|10|.129199|
6|2|10|.098324|
6|2|10|.125577|
6|2|10|.119427|
6|8|2|.238842|
6|8|2|.347374|
6|8|2|.282237|
6|8|2|1.47138|
6|8|2|.226056|
6|8|6|2.46708|
6|8|6|17.0727|
6|8|6|1.71272|
6|8|6|1.2007|
6|8|6|2.72867|
6|8|10|121.933|
6|8|10|2.0243|
6|8|10|3.16328|
6|8|10|1.50684|
6|8|10|4.97311|
6|32|2|7.63526|
6|32|2|6.78815|
6|32|2|36.7976|
6|32|2|551.162|
6|32|2|.650739|
6|32|6|27.323|
6|32|6|22.5656|
6|32|6|18.0308|
6|32|6|31.4049|
6|32|6|8.31605|
6|32|10|22.6637|
6|32|10|38.9069|
6|32|10|62.058|
6|32|10|12.0904|
6|32|10|38.5653|
6|128|2|22.2415|
6|128|2|178.769|
6|128|2|6764.17|
6|128|2|112.38|
6|128|2|33.7844|
6|128|6|25.4126|
6|128|6|31.2179|
6|128|6|57.8022|
6|2|2|.105356|
6|2|2|.103136|
6|2|2|.019846|
6|2|2|.089439|
6|2|2|.105578|
6|2|6|.131788|
6|2|6|.131643|
6|2|6|.121867|
6|2|6|.095444|
6|2|6|.201264|
6|2|10|.131811|
6|2|10|.131516|
6|2|10|.118043|
6|2|10|.112621|
6|2|10|.119232|
6|8|2|18.8014|
6|8|2|2.23778|
6|8|2|.503013|
6|8|2|.582548|
6|8|2|.491286|
6|8|6|19.7305|
6|8|6|11.7732|
6|8|6|2.97968|
6|8|6|4.58934|
6|8|6|4.2339|
6|8|10|2.72453|
6|8|10|7.85841|
6|8|10|5.62493|
6|8|10|2.32708|
6|8|10|4.86447|
6|32|2|15.8975|
6|32|2|59.9232|
6|32|2|11.2914|
6|32|2|1.00584|
6|32|2|5.07872|
6|32|6|5.68046|
6|32|6|22.1081|
6|32|6|18.632|
6|32|6|16.1828|
6|32|6|8.70873|
6|32|10|41.367|
6|32|10|21.6762|
6|32|10|18.2631|
6|32|10|15.7543|
6|32|10|27.7109|
3|1024|2|.015414|
3|1024|2|.089031|
3|1024|2|.019101|
3|1024|2|.011136|
3|1024|2|.492282|
3|1024|6|.008974|
3|1024|6|.008201|
3|1024|6|.019569|
3|1024|6|.023086|
3|1024|6|.01805|
3|1048576|2|.014801|
3|1048576|2|.006594|
3|1048576|2|.092728|
3|1048576|2|.00124|
3|1048576|2|.121876|
3|1048576|6|.047174|
3|1048576|6|.188985|
3|1048576|6|.120651|
3|1048576|6|.387263|
3|1048576|6|.049423|
3|1073741824|2|.086122|
3|1073741824|2|.012525|
3|1073741824|2|.01886|
3|1073741824|2|.007709|
3|1073741824|2|.150146|
3|1073741824|6|.117013|
3|1073741824|6|.27936|
3|1073741824|6|.117186|
3|1073741824|6|.265139|
3|1073741824|6|.246005|
3|1099511627776|2|.095128|
3|1099511627776|2|.315499|
3|1099511627776|2|.112687|
3|1099511627776|2|.092391|
3|1099511627776|2|.105293|
3|1099511627776|6|.526619|
3|1099511627776|6|.18537|
3|1099511627776|6|.211141|
3|1099511627776|6|.203037|
3|1099511627776|6|4.54199|
3|1125899906842624|2|.013256|
3|1125899906842624|2|.03203|
3|1125899906842624|2|.125268|
3|1125899906842624|2|.10472|
3|1125899906842624|2|.285182|
3|1125899906842624|6|.317074|
3|1125899906842624|6|.201077|
3|1125899906842624|6|.21112|
3|1125899906842624|6|.123104|
3|1125899906842624|6|.118792|
3|1152921504606846976|2|.02346|
3|1152921504606846976|2|.129653|
3|1152921504606846976|2|.454716|
3|1152921504606846976|2|.117984|
3|1152921504606846976|2|.122367|
3|1152921504606846976|6|.510748|
3|1152921504606846976|6|.194715|
3|1152921504606846976|6|.185633|
3|1152921504606846976|6|.222637|
3|1152921504606846976|6|.347608|
4|1024|2|.112179|
4|1024|2|.091328|
4|1024|2|1.74998|
4|1024|2|.128191|
4|1024|2|.182294|
4|1024|6|.65143|
4|1024|6|1.61568|
4|1024|6|.972173|
4|1024|6|.439485|
4|1024|6|.37063|
4|1048576|2|.131774|
4|1048576|2|1.33525|
4|1048576|2|.488631|
4|1048576|2|5.39585|
4|1048576|2|.438663|
4|1048576|6|2.25871|
4|1048576|6|1.54928|
4|1048576|6|1.68231|
4|1048576|6|2.02723|
4|1048576|6|2.85748|
4|1073741824|2|.318082|
4|1073741824|2|.112714|
4|1073741824|2|7.46393|
4|1073741824|2|.142573|
4|1073741824|2|.283719|
4|1073741824|6|11.4417|
4|1073741824|6|7.59635|
4|1073741824|6|7.18088|
4|1073741824|6|1.75596|
4|1073741824|6|14.5552|
4|1099511627776|2|.895423|
4|1099511627776|2|3.98383|
4|1099511627776|2|.219116|
4|1099511627776|2|.635513|
4|1099511627776|2|1.22677|
4|1099511627776|6|6.93298|
4|1099511627776|6|14.8371|
4|1099511627776|6|6.51202|
4|1099511627776|6|16.328|
4|1099511627776|6|4.1368|
4|1125899906842624|2|12.4172|
4|1125899906842624|2|70.652|
4|1125899906842624|2|1.35387|
4|1125899906842624|2|5.56002|
4|1125899906842624|2|3.09046|
4|1125899906842624|6|4.94333|
4|1125899906842624|6|22.5211|
4|1125899906842624|6|18.9941|
4|1125899906842624|6|26.7139|
4|1125899906842624|6|26.6973|
4|1152921504606846976|2|2.9095|
4|1152921504606846976|2|5.05395|
4|1152921504606846976|2|4.2776|
4|1152921504606846976|2|1.6793|
4|1152921504606846976|2|1.31659|
4|1152921504606846976|6|59.2512|
4|1152921504606846976|6|5.56687|
4|1152921504606846976|6|92.7614|
4|1152921504606846976|6|21.3139|
4|1152921504606846976|6|40.3682|
5|1024|2|36.2045|
5|1024|2|43.1533|
5|1024|2|7.6031|
5|1024|2|2.64066|
5|1024|2|33.972|
5|1024|6|12.2066|
5|1024|6|22.7945|
5|1024|6|15.4742|
5|1024|6|18.93|
5|1024|6|43.0119|
5|1048576|2|72.2558|
5|1048576|2|139.334|
5|1048576|2|21.43|
5|1048576|2|27.3182|
5|1048576|2|15.9079|
5|1048576|6|52.6739|
5|1048576|6|19.7779|
5|1048576|6|89.805|
5|1048576|6|23.0569|
5|1048576|6|27.6956|
5|1073741824|2|42.8895|
5|1073741824|2|580.694|
5|1073741824|2|62.5504|
5|1073741824|2|449.863|
5|1073741824|2|155.665|
5|1073741824|6|64.1867|
5|1073741824|6|118.633|
5|1073741824|6|104.488|
5|1073741824|6|351.03|
5|1073741824|6|40.6085|
5|1099511627776|2|18.4795|
5|1099511627776|2|2901.32|
5|1099511627776|2|2646.98|
5|1099511627776|2|84.3534|
5|1099511627776|2|1.58294|
5|1099511627776|6|806.147|
3|64|2|.0092|
3|64|2|.002415|
3|64|2|.005161|
3|64|2|.009047|
3|64|2|.01005|
3|64|10|.006501|
3|64|10|.003641|
3|64|10|.003637|
3|64|10|.006302|
3|64|10|.005101|
3|64|2|.00786|
3|64|2|.017919|
3|64|2|.011366|
3|64|2|.011918|
3|64|2|.004281|
3|64|10|.006101|
3|64|10|.007194|
3|64|10|.00503|
3|64|10|.006861|
3|64|10|.003958|
3|64|18|.00465|
3|64|18|.00519|
3|64|18|.002838|
3|64|18|.003206|
3|64|18|.004092|
3|64|26|.00386|
3|64|26|.005092|
3|64|26|.002875|
3|64|26|.004445|
3|64|26|.004125|
3|64|34|.003959|
3|64|34|.00575|
3|64|34|.00429|
3|64|34|.004404|
3|64|34|.00535|
3|64|42|.005351|
3|64|42|.005687|
3|64|42|.004955|
3|64|42|.005048|
3|64|42|.004566|
3|64|50|.004607|
3|64|50|.005757|
3|64|50|.006394|
3|64|50|.004349|
3|64|50|.006411|
3|1024|2|.092576|
3|1024|2|.00533|
3|1024|2|.006695|
3|1024|2|.01513|
3|1024|2|.015703|
3|1024|10|.008853|
3|1024|10|.006021|
3|1024|10|.002806|
3|1024|10|.009203|
3|1024|10|.007546|
3|1024|18|.004885|
3|1024|18|.004014|
3|1024|18|.003965|
3|1024|18|.003748|
3|1024|18|.004286|
3|1024|26|.002896|
3|1024|26|.004405|
3|1024|26|.005029|
3|1024|26|.005477|
3|1024|26|.00424|
3|1024|34|.004894|
3|1024|34|.005512|
3|1024|34|.004879|
3|1024|34|.004564|
3|1024|34|.00178|
3|1024|42|.006657|
3|1024|42|.006844|
3|1024|42|.006553|
3|1024|42|.006845|
3|1024|42|.005931|
3|1024|50|.004492|
3|1024|50|.006889|
3|1024|50|.006335|
3|1024|50|.005412|
3|1024|50|.006109|
3|16384|2|.011256|
3|16384|2|.022398|
3|16384|2|.015363|
3|16384|2|.01289|
3|16384|2|.009951|
3|16384|10|.008614|
3|16384|10|.008201|
3|16384|10|.011|
3|16384|10|.015227|
3|16384|10|.00674|
3|16384|18|.003735|
3|16384|18|.004629|
3|16384|18|.005074|
3|16384|18|.003095|
3|16384|18|.005508|
3|16384|26|.005687|
3|16384|26|.005963|
3|16384|26|.00307|
3|16384|26|.005789|
3|16384|26|.007659|
3|16384|34|.009363|
3|16384|34|.006024|
3|16384|34|.007598|
3|16384|34|.005153|
3|16384|34|.005684|
3|16384|42|.005637|
3|16384|42|.006141|
3|16384|42|.006481|
3|16384|42|.005625|
3|16384|42|.006489|
3|16384|50|.006856|
3|16384|50|.005624|
3|16384|50|.005798|
3|16384|50|.008818|
3|16384|50|.006527|
3|262144|2|.081163|
3|262144|2|.086014|
3|262144|2|.019356|
3|262144|2|.007681|
3|262144|2|.021828|
3|262144|10|.006757|
3|262144|10|.003752|
3|262144|10|.011069|
3|262144|10|.009625|
3|262144|10|.018789|
3|262144|18|.004594|
3|262144|18|.004779|
3|262144|18|.005765|
3|262144|18|.007639|
3|262144|18|.002634|
3|262144|26|.003376|
3|262144|26|.005807|
3|262144|26|.005227|
3|262144|26|.00552|
3|262144|26|.006474|
3|262144|34|.008747|
3|262144|34|.004491|
3|262144|34|.007226|
3|262144|34|.006471|
3|262144|34|.005414|
3|262144|42|.005866|
3|262144|42|.006754|
3|262144|42|.007019|
3|262144|42|.006601|
3|262144|42|.010036|
3|262144|50|.007141|
3|262144|50|.006382|
3|262144|50|.007671|
3|262144|50|.00584|
3|262144|50|.0081|
3|4194304|2|.011894|
3|4194304|2|.09235|
3|4194304|2|.021114|
3|4194304|2|.109399|
3|4194304|2|.020196|
3|4194304|10|.009896|
3|4194304|10|.019315|
3|4194304|10|.012919|
3|4194304|10|.011314|
3|4194304|10|.009993|
3|4194304|18|.006999|
3|4194304|18|.004207|
3|4194304|18|.004771|
3|4194304|18|.006733|
3|4194304|18|.005215|
3|4194304|26|.019368|
3|4194304|26|.005401|
3|4194304|26|.006146|
3|4194304|26|.009435|
3|4194304|26|.007726|
3|4194304|34|.008963|
3|4194304|34|.007097|
3|4194304|34|.00893|
3|4194304|34|.007007|
3|4194304|34|.007886|
3|4194304|42|.007461|
3|4194304|42|.009389|
3|4194304|42|.005965|
3|4194304|42|.013022|
3|4194304|42|.007383|
3|4194304|50|.00825|
3|4194304|50|.007149|
3|4194304|50|.007604|
3|4194304|50|.076787|
3|4194304|50|.008323|
3|67108864|2|.11207|
3|67108864|2|.010851|
3|67108864|2|.0043|
3|67108864|2|.008839|
3|67108864|2|.083889|
3|67108864|10|.017381|
3|67108864|10|.030265|
3|67108864|10|.011079|
3|67108864|10|.011532|
3|67108864|10|.033495|
3|67108864|18|.005526|
3|67108864|18|.006119|
3|67108864|18|.008657|
3|67108864|18|.007064|
3|67108864|18|.007781|
3|67108864|26|.012008|
3|67108864|26|.013973|
3|67108864|26|.01031|
3|67108864|26|.00237|
3|67108864|26|.008658|
3|67108864|34|.004436|
3|67108864|34|.007389|
3|67108864|34|.003934|
3|67108864|34|.006612|
3|67108864|34|.006837|
3|67108864|42|.007654|
3|67108864|42|.013727|
3|67108864|42|.007035|
3|67108864|42|.013647|
3|67108864|42|.010456|
3|67108864|50|.005403|
3|67108864|50|.007331|
3|67108864|50|.004584|
3|67108864|50|.01011|
3|67108864|50|.008975|
3|1073741824|2|.167788|
3|1073741824|2|.110217|
3|1073741824|2|.094784|
3|1073741824|2|.086125|
3|1073741824|2|.013298|
3|1073741824|10|.015432|
3|1073741824|10|.028516|
3|1073741824|10|.009792|
3|1073741824|10|.023425|
3|1073741824|10|.005772|
3|1073741824|18|.010194|
3|1073741824|18|.006785|
3|1073741824|18|.007775|
3|1073741824|18|.006089|
3|1073741824|18|.014542|
3|1073741824|26|.006677|
3|1073741824|26|.006342|
3|1073741824|26|.020425|
3|1073741824|26|.01163|
3|1073741824|26|.009879|
3|1073741824|34|.015943|
3|1073741824|34|.010255|
3|1073741824|34|.006826|
3|1073741824|34|.006942|
3|1073741824|34|.008003|
3|1073741824|42|.01088|
3|1073741824|42|.007439|
3|1073741824|42|.008381|
3|1073741824|42|.008569|
3|1073741824|42|.013129|
3|1073741824|50|.009749|
3|1073741824|50|.009495|
3|1073741824|50|.008578|
3|1073741824|50|.012518|
3|1073741824|50|.009625|
4|64|2|.021638|
4|64|2|.13896|
4|64|2|.132023|
4|64|2|.093144|
4|64|2|.093585|
4|64|10|.427757|
4|64|10|.291403|
4|64|10|.272301|
4|64|10|.108908|
4|64|10|.300444|
4|64|18|.081225|
4|64|18|.077658|
4|64|18|.077016|
4|64|18|.028474|
4|64|18|.02622|
4|64|26|.014377|
4|64|26|.014248|
4|64|26|.015481|
4|64|26|.013517|
4|64|26|.018164|
4|64|34|.077383|
4|64|34|.013308|
4|64|34|.011456|
4|64|34|.086123|
4|64|34|.076451|
4|64|42|.076807|
4|64|42|.081727|
4|64|42|.214073|
4|64|42|.070302|
4|64|42|.020332|
4|64|50|.097189|
4|64|50|.103176|
4|64|50|.080792|
4|64|50|.07998|
4|64|50|.076743|
4|1024|2|.10754|
4|1024|2|.229023|
4|1024|2|.177385|
4|1024|2|.086857|
4|1024|2|.123986|
4|1024|10|.489049|
4|1024|10|.436543|
4|1024|10|.462612|
4|1024|10|.430701|
4|1024|10|1.42266|
4|1024|18|.093583|
4|1024|18|.113345|
4|1024|18|.013645|
4|1024|18|.083956|
4|1024|18|.112434|
4|1024|26|.089233|
4|1024|26|.073125|
4|1024|26|.0168|
4|1024|26|.009882|
4|1024|26|.016889|
4|1024|34|.018111|
4|1024|34|.083807|
4|1024|34|.072665|
4|1024|34|.084065|
4|1024|34|.072523|
4|1024|42|.185789|
4|1024|42|.094931|
4|1024|42|.128981|
4|1024|42|.114314|
4|1024|42|.122018|
4|1024|50|.099726|
4|1024|50|.017449|
4|1024|50|.118719|
4|1024|50|.208465|
4|1024|50|.102917|
4|16384|2|.1916|
4|16384|2|.263749|
4|16384|2|.166878|
4|16384|2|.102099|
4|16384|2|10.7733|
4|16384|10|.510591|
4|16384|10|.457124|
4|16384|10|.781975|
4|16384|10|.249908|
4|16384|10|.883612|
4|16384|18|.100185|
4|16384|18|.016932|
4|16384|18|.248902|
4|16384|18|.123998|
4|16384|18|.098265|
4|16384|26|.105142|
4|16384|26|.101548|
4|16384|26|.08429|
4|16384|26|.094815|
4|16384|26|.020246|
4|16384|34|.371366|
4|16384|34|.086235|
4|16384|34|.080802|
4|16384|34|.150775|
4|16384|34|.090112|
4|16384|42|.330553|
4|16384|42|.094394|
4|16384|42|.072452|
4|16384|42|.087653|
4|16384|42|.099745|
4|16384|50|.234754|
4|16384|50|.506845|
4|16384|50|.19511|
4|16384|50|.117169|
4|16384|50|.097018|
4|262144|2|.143099|
4|262144|2|3.48013|
4|262144|2|.508683|
4|262144|2|.300094|
4|262144|2|.412868|
4|262144|10|.960691|
4|262144|10|3.45056|
4|262144|10|1.3197|
4|262144|10|3.64095|
4|262144|10|.697503|
4|262144|18|.125209|
4|262144|18|.195135|
4|262144|18|.116754|
4|262144|18|.142909|
4|262144|18|.231386|
4|262144|26|.092912|
4|262144|26|.122828|
4|262144|26|.090391|
4|262144|26|.080798|
4|262144|26|.087008|
4|262144|34|.257544|
4|262144|34|.06885|
4|262144|34|.113724|
4|262144|34|.127259|
4|262144|34|.234542|
4|262144|42|.200145|
4|262144|42|.079581|
4|262144|42|.105|
4|262144|42|.208029|
4|262144|42|.129592|
4|262144|50|.123154|
4|262144|50|.423066|
4|262144|50|.080104|
4|262144|50|.328576|
4|262144|50|.186216|
4|4194304|2|.365115|
4|4194304|2|.307085|
4|4194304|2|.383465|
4|4194304|2|.504598|
4|4194304|2|9.65211|
4|4194304|10|1.39977|
4|4194304|10|1.38686|
4|4194304|10|.288218|
4|4194304|10|1.37948|
4|4194304|10|4.10382|
4|4194304|18|.10585|
4|4194304|18|.229643|
4|4194304|18|.146098|
4|4194304|18|.184854|
4|4194304|18|.08857|
4|4194304|26|.076204|
4|4194304|26|.083018|
4|4194304|26|.090046|
4|4194304|26|.113816|
4|4194304|26|.098858|
4|4194304|34|.086947|
4|4194304|34|.272053|
4|4194304|34|.083998|
4|4194304|34|.236832|
4|4194304|34|.324308|
4|4194304|42|.113812|
4|4194304|42|.289579|
4|4194304|42|.154428|
4|4194304|42|.238673|
4|4194304|42|.160468|
4|4194304|50|1.22611|
4|4194304|50|.313748|
4|4194304|50|.690129|
4|4194304|50|.140388|
4|4194304|50|.403693|
4|67108864|2|.1076|
4|67108864|2|.248509|
4|67108864|2|15.3884|
4|67108864|2|.989577|
4|67108864|2|.509835|
4|67108864|10|2.76663|
4|67108864|10|.857108|
4|67108864|10|2.7116|
4|67108864|10|1.45152|
4|67108864|10|2.44607|
4|67108864|18|.305899|
4|67108864|18|.291995|
4|67108864|18|.094632|
4|67108864|18|.083139|
4|67108864|18|.263988|
4|67108864|26|.08929|
4|67108864|26|.103692|
4|67108864|26|.070585|
4|67108864|26|.093881|
4|67108864|26|.104297|
4|67108864|34|.233468|
4|67108864|34|.29355|
4|67108864|34|.395563|
4|67108864|34|.119249|
4|67108864|34|.097674|
4|67108864|42|.343697|
4|67108864|42|1.60718|
4|67108864|42|.472506|
4|67108864|42|.224417|
4|67108864|42|.526447|
4|67108864|50|.318518|
4|67108864|50|.145733|
4|67108864|50|1.63886|
4|67108864|50|.71881|
4|67108864|50|.163908|
4|1073741824|2|4.02197|
4|1073741824|2|275.846|
4|1073741824|2|.524376|
4|1073741824|2|1.15394|
4|1073741824|2|40.243|
4|1073741824|10|2.05942|
4|1073741824|10|7.82664|
4|1073741824|10|29.9029|
4|1073741824|10|23.2545|
4|1073741824|10|1.65757|
4|1073741824|18|.354841|
4|1073741824|18|.738771|
4|1073741824|18|1.49794|
4|1073741824|18|.670859|
4|1073741824|18|1.24425|
4|1073741824|26|.291023|
4|1073741824|26|.108106|
4|1073741824|26|.495092|
4|1073741824|26|.245096|
4|1073741824|26|.42945|
4|1073741824|34|.345297|
4|1073741824|34|2.40867|
4|1073741824|34|.718667|
4|1073741824|34|.230568|
4|1073741824|34|.233492|
4|1073741824|42|1.38228|
4|1073741824|42|.448193|
4|1073741824|42|.243762|
4|1073741824|42|1.31663|
4|1073741824|42|.84864|
4|1073741824|50|1.68574|
4|1073741824|50|.15771|
4|1073741824|50|.677265|
4|1073741824|50|.149242|
4|1073741824|50|.191819|
5|64|2|7.07111|
5|64|2|.395558|
5|64|2|1.52224|
5|64|2|456.583|
5|64|2|1.05253|
5|64|10|17.649|
5|64|10|3.42283|
5|64|10|37.7306|
5|64|10|17.4245|
5|64|10|2.877|
5|64|18|.625354|
5|64|18|1.27286|
5|64|18|1.87105|
5|64|18|5.19197|
5|64|18|.422895|
5|64|26|.483157|
5|64|26|.325527|
5|64|26|.463063|
5|64|26|.678858|
5|64|26|.431673|
5|64|34|.332805|
5|64|34|.166136|
5|64|34|.378299|
5|64|34|.098446|
5|64|34|.117785|
5|64|42|.217828|
5|64|42|.447647|
5|64|42|2.54127|
5|64|42|.856015|
5|64|42|.250418|
5|64|50|2.73185|
5|64|50|3.28858|
5|64|50|10.5079|
5|64|50|9.60354|
5|64|50|1.13705|
5|1024|2|1.90419|
5|1024|2|110.445|
5|1024|2|4.6833|
5|1024|2|.278424|
5|1024|2|.978583|
5|1024|10|42.7652|
5|1024|10|36.8999|
5|1024|10|50.3402|
5|1024|10|29.6092|
5|1024|10|27.6451|
5|1024|18|7.93813|
5|1024|18|.562873|
5|1024|18|2.16168|
5|1024|18|7.22892|
5|1024|18|22.1563|
5|1024|26|6.1528|
5|1024|26|1.74473|
5|1024|26|1.42353|
5|1024|26|.254824|
5|1024|26|2.24509|
5|1024|34|.11276|
5|1024|34|.333146|
5|1024|34|1.23786|
5|1024|34|.208629|
5|1024|34|1.23604|
5|1024|42|2.20067|
5|1024|42|25.13|
5|1024|42|35.7361|
5|1024|42|1.27524|
5|1024|42|1.71068|
5|1024|50|128.129|
5|1024|50|51.3011|
5|1024|50|30.3025|
5|1024|50|4.40469|
5|1024|50|34.1921|
5|16384|2|40.8699|
5|16384|2|.296517|
5|16384|2|59.9019|
5|16384|2|766.334|
5|16384|2|11.2028|
5|16384|10|54.5864|
5|16384|10|6.38945|
5|16384|10|118.589|
5|16384|10|33.5444|
5|16384|10|89.0709|
5|16384|18|1.56811|
5|16384|18|2.83433|
5|16384|18|4.80211|
5|16384|18|3.44569|
5|16384|18|4.21071|
5|16384|26|.677703|
5|16384|26|1.58148|
5|16384|26|2.73726|
5|16384|26|3.34874|
5|16384|26|1.71631|
5|16384|34|.77228|
5|16384|34|1.20263|
5|16384|34|.252352|
5|16384|34|5.52468|
5|16384|34|1.04832|
5|16384|42|7.47568|
5|16384|42|74.5577|
5|16384|42|6.27628|
5|16384|42|2.18296|
5|16384|42|8.11432|
5|16384|50|13.465|
5|16384|50|109.29|
5|16384|50|8.26783|
5|16384|50|5.26297|
5|16384|50|4.54035|
5|262144|2|1058.68|
5|262144|2|8.40046|
5|262144|2|102.612|
5|262144|2|.892276|
5|262144|2|680.757|
5|262144|10|262.822|
5|262144|10|23.3431|
5|262144|10|128.2|
5|262144|10|121.982|
5|262144|10|89.9451|
5|262144|18|11.6169|
5|262144|18|19.7407|
5|262144|18|20.8878|
5|262144|18|11.038|
5|262144|18|16.1599|
5|262144|26|2.61636|
5|262144|26|5.87092|
5|262144|26|1.79276|
5|262144|26|2.16114|
5|262144|26|2.31778|
5|262144|34|.308765|
5|262144|34|2.66261|
5|262144|34|1.50834|
5|262144|34|1.69791|
5|262144|34|17.6629|
5|262144|42|9.0635|
5|262144|42|6.88465|
5|262144|42|3.52281|
5|262144|42|8.81117|
5|262144|42|1.70668|
5|262144|50|47.161|
5|262144|50|109.381|
5|262144|50|31.3671|
5|262144|50|200.524|
5|262144|50|4.09611|
5|4194304|2|4.87024|
5|4194304|2|71.4458|
5|4194304|2|1.81582|
5|4194304|2|128.305|
5|4194304|2|1.55963|
5|4194304|10|352.861|
5|4194304|10|57.9652|
5|4194304|10|69.1068|
5|4194304|10|61.1351|
5|4194304|10|61.852|
5|4194304|18|12.4113|
5|4194304|18|19.8963|
5|4194304|18|10.4795|
5|4194304|18|215.713|
5|4194304|18|6.37725|
5|4194304|26|.531724|
5|4194304|26|10.035|
5|4194304|26|23.2068|
5|4194304|26|1.59786|
5|4194304|26|2.85594|
5|4194304|34|.98706|
5|4194304|34|1.51235|
5|4194304|34|.322183|
5|4194304|34|6.05679|
5|4194304|34|1.03584|
5|4194304|42|110.4|
5|4194304|42|161.486|
5|4194304|42|15.4268|
5|4194304|42|12.6083|
5|4194304|42|24.1758|
5|4194304|50|30.6309|
5|4194304|50|158.613|
5|4194304|50|18.1974|
5|4194304|50|51.4815|
5|4194304|50|66.0667|
5|67108864|2|300.714|
5|67108864|2|6.65439|
5|67108864|2|930.522|
5|67108864|2|10.0456|
5|67108864|2|26.3961|
5|67108864|10|19.7151|
5|67108864|10|80.3092|
5|67108864|10|571.829|
5|67108864|10|242.508|
5|67108864|10|63.4873|
5|67108864|18|28.8002|
5|67108864|18|27.8499|
5|67108864|18|15.7297|
5|67108864|18|45.2589|
5|67108864|18|31.9739|
5|67108864|26|10.444|
5|67108864|26|1.11546|
5|67108864|26|2.42838|
5|67108864|26|6.34943|
5|67108864|26|15.2147|
5|67108864|34|5.99132|
5|67108864|34|.509841|
5|67108864|34|.704531|
5|67108864|34|18.8432|
5|67108864|34|3.51164|
5|67108864|42|25.3043|
5|67108864|42|24.821|
5|67108864|42|4.13419|
5|67108864|42|1.94861|
5|67108864|42|21.0698|
5|67108864|50|4.52858|
5|67108864|50|9.33275|
5|67108864|50|.909385|
5|67108864|50|48.4264|
5|67108864|50|21.0108|
5|1073741824|2|66.8097|
5|1073741824|2|17.5985|
5|1073741824|2|26.8422|
5|1073741824|2|21.5819|
5|1073741824|2|83.198|
5|1073741824|10|60.0665|
5|1073741824|10|183.617|
5|1073741824|10|687.98|
5|1073741824|10|123.081|
5|1073741824|10|392.56|
5|1073741824|18|110.851|
5|1073741824|18|7.06937|
5|1073741824|18|9.25891|
5|1073741824|18|22.3752|
5|1073741824|18|17.4165|
5|1073741824|26|2.91296|
5|1073741824|26|25.7548|
5|1073741824|26|21.7846|
5|1073741824|26|3.94871|
5|1073741824|26|2.674|
5|1073741824|34|1.40465|
5|1073741824|34|4.96565|
5|1073741824|34|4.9486|
5|1073741824|34|1.19114|
5|1073741824|34|8.16007|
5|1073741824|42|4.72241|
5|1073741824|42|121.242|
5|1073741824|42|30.0079|
5|1073741824|42|8.83737|
5|1073741824|42|21.1982|
5|1073741824|50|161.196|
5|1073741824|50|99.4057|
5|1073741824|50|72.7315|
5|1073741824|50|3.24157|
5|1073741824|50|15.1487|
6|64|2|46.1853|
6|64|2|23.4684|
6|64|2|4.14521|
6|64|2|316.5|
6|64|2|12.9728|
6|64|10|35.5163|
6|64|10|54.5846|
