5|1048576|2|11|.001414|
5|1048576|2|11|.001598|
5|1048576|2|11|.001767|
5|1048576|2|11|.000848|
5|1048576|2|11|.000795|
5|1048576|2|101|.001075|
5|1048576|2|101|.000819|
5|1048576|2|101|.001921|
5|1048576|2|101|.001541|
5|1048576|2|101|.001546|
5|1048576|2|1009|.00063|
5|1048576|2|1009|.001431|
5|1048576|2|1009|.001258|
5|1048576|2|1009|.000961|
5|1048576|2|1009|.001794|
5|1048576|2|32749|.001778|
5|1048576|2|32749|.002332|
5|1048576|2|32749|.001531|
5|1048576|2|32749|.001624|
5|1048576|2|32749|.001711|
3|16|2|11|.000388|
3|16|2|11|.000354|
3|16|2|11|.000434|
3|16|2|11|.000286|
3|16|2|11|.000347|
3|16|2|101|.000333|
3|16|2|101|.000372|
3|16|2|101|.000474|
3|16|2|101|.000367|
3|16|2|101|.000381|
3|16|2|1009|.000358|
3|16|2|1009|.000447|
3|16|2|1009|.000442|
3|16|2|1009|.000487|
3|16|2|1009|.000389|
3|16|2|32749|.000359|
3|16|2|32749|.000506|
3|16|2|32749|.000398|
3|16|2|32749|.000468|
3|16|2|32749|.000383|
3|16|2|11|.000437|
3|16|2|11|.000417|
3|16|2|11|.000321|
3|16|2|11|.00035|
3|16|2|11|.000513|
3|16|2|101|.000396|
3|16|2|101|.000379|
3|16|2|101|.000401|
3|16|2|101|.000404|
3|16|2|101|.000313|
3|16|2|1009|.000431|
3|16|2|1009|.000454|
3|16|2|1009|.00037|
3|16|2|1009|.000383|
3|16|2|1009|.000319|
3|16|2|32749|.000427|
3|16|2|32749|.000406|
3|16|2|32749|.000409|
3|16|2|32749|.000397|
3|16|2|32749|.000494|
3|16|10|11|.000485|
3|16|10|11|.000533|
3|16|10|11|.000497|
3|16|10|11|.000494|
3|16|10|11|.000506|
3|16|10|101|.000584|
3|16|10|101|.000566|
3|16|10|101|.000539|
3|16|10|101|.000617|
3|16|10|101|.00059|
3|16|10|1009|.00048|
3|16|10|1009|.0006|
3|16|10|1009|.000536|
3|16|10|1009|.000572|
3|16|10|1009|.000533|
3|16|10|32749|.000682|
3|16|10|32749|.000726|
3|16|10|32749|.000648|
3|16|10|32749|.000708|
3|16|10|32749|.000717|
3|16|18|11|.000627|
3|16|18|11|.000598|
3|16|18|11|.000596|
3|16|18|11|.000664|
3|16|18|11|.000705|
3|16|18|101|.000658|
3|16|18|101|.000613|
3|16|18|101|.000609|
3|16|18|101|.00063|
3|16|18|101|.0006|
3|16|18|1009|.000583|
3|16|18|1009|.00072|
3|16|18|1009|.000672|
3|16|18|1009|.000591|
3|16|18|1009|.000556|
3|16|18|32749|.000878|
3|16|18|32749|.000812|
3|16|18|32749|.000821|
3|16|18|32749|.000804|
3|16|18|32749|.000792|
3|256|2|11|.00034|
3|256|2|11|.000388|
3|256|2|11|.000357|
3|256|2|11|.000457|
3|256|2|11|.000381|
3|256|2|101|.000417|
3|256|2|101|.000409|
3|256|2|101|.000373|
3|256|2|101|.000378|
3|256|2|101|.000383|
3|256|2|1009|.00034|
3|256|2|1009|.000537|
3|256|2|1009|.000351|
3|256|2|1009|.000321|
3|256|2|1009|.000357|
3|256|2|32749|.00047|
3|256|2|32749|.000702|
3|256|2|32749|.000379|
3|256|2|32749|.000485|
3|256|2|32749|.000489|
3|256|10|11|.000513|
3|256|10|11|.000507|
3|256|10|11|.000505|
3|256|10|11|.000505|
3|256|10|11|.000479|
3|256|10|101|.000519|
3|256|10|101|.000618|
3|256|10|101|.000569|
3|256|10|101|.000549|
3|256|10|101|.000551|
3|256|10|1009|.000609|
3|256|10|1009|.000614|
3|256|10|1009|.00072|
3|256|10|1009|.000552|
3|256|10|1009|.000562|
3|256|10|32749|.000693|
3|256|10|32749|.000701|
3|256|10|32749|.000709|
3|256|10|32749|.00062|
3|256|10|32749|.000711|
3|256|18|11|.000559|
3|256|18|11|.000584|
3|256|18|11|.000604|
3|256|18|11|.000757|
3|256|18|11|.000524|
3|256|18|101|.000565|
3|256|18|101|.000546|
3|256|18|101|.000651|
3|256|18|101|.000644|
3|256|18|101|.000648|
3|256|18|1009|.000721|
3|256|18|1009|.000596|
3|256|18|1009|.000633|
3|256|18|1009|.000708|
3|256|18|1009|.000656|
3|256|18|32749|.000763|
3|256|18|32749|.000775|
3|256|18|32749|.000868|
3|256|18|32749|.000807|
3|256|18|32749|.000795|
3|4096|2|11|.000422|
3|4096|2|11|.000352|
3|4096|2|11|.000425|
3|4096|2|11|.000458|
3|4096|2|11|.000395|
3|4096|2|101|.000465|
3|4096|2|101|.000316|
3|4096|2|101|.00043|
3|4096|2|101|.00047|
3|4096|2|101|.000425|
3|4096|2|1009|.000366|
3|4096|2|1009|.000473|
3|4096|2|1009|.000343|
3|4096|2|1009|.000492|
3|4096|2|1009|.00035|
3|4096|2|32749|.000388|
3|4096|2|32749|.000639|
3|4096|2|32749|.000418|
3|4096|2|32749|.000478|
3|4096|2|32749|.000367|
3|4096|10|11|.000487|
3|4096|10|11|.000496|
3|4096|10|11|.000447|
3|4096|10|11|.00046|
3|4096|10|11|.000545|
3|4096|10|101|.000588|
3|4096|10|101|.000524|
3|4096|10|101|.000556|
3|4096|10|101|.000527|
3|4096|10|101|.000545|
3|4096|10|1009|.000526|
3|4096|10|1009|.00059|
3|4096|10|1009|.000531|
3|4096|10|1009|.000602|
3|4096|10|1009|.000532|
3|4096|10|32749|.000654|
3|4096|10|32749|.000745|
3|4096|10|32749|.000747|
3|4096|10|32749|.000758|
3|4096|10|32749|.000692|
3|4096|18|11|.000581|
3|4096|18|11|.000595|
3|4096|18|11|.000609|
3|4096|18|11|.000588|
3|4096|18|11|.000556|
3|4096|18|101|.000682|
3|4096|18|101|.000543|
3|4096|18|101|.000631|
3|4096|18|101|.000529|
3|4096|18|101|.000562|
3|4096|18|1009|.000707|
3|4096|18|1009|.000636|
3|4096|18|1009|.000579|
3|4096|18|1009|.000626|
3|4096|18|1009|.000589|
3|4096|18|32749|.000968|
3|4096|18|32749|.000746|
3|4096|18|32749|.000752|
3|4096|18|32749|.000785|
3|4096|18|32749|.001023|
3|65536|2|11|.000419|
3|65536|2|11|.000419|
3|65536|2|11|.000351|
3|65536|2|11|.000379|
3|65536|2|11|.000346|
3|65536|2|101|.000304|
3|65536|2|101|.000497|
3|65536|2|101|.000427|
3|65536|2|101|.000368|
3|65536|2|101|.000382|
3|65536|2|1009|.000342|
3|65536|2|1009|.000473|
3|65536|2|1009|.000329|
3|65536|2|1009|.000419|
3|65536|2|1009|.000409|
3|65536|2|32749|.000525|
3|65536|2|32749|.000481|
3|65536|2|32749|.000366|
3|65536|2|32749|.000566|
3|65536|2|32749|.000577|
3|65536|10|11|.000543|
3|65536|10|11|.000467|
3|65536|10|11|.000507|
3|65536|10|11|.000524|
3|65536|10|11|.000608|
3|65536|10|101|.000542|
3|65536|10|101|.000553|
3|65536|10|101|.00064|
3|65536|10|101|.000546|
3|65536|10|101|.000505|
3|65536|10|1009|.000567|
3|65536|10|1009|.000536|
3|65536|10|1009|.000557|
3|16|2|11|.000334|
3|16|2|11|.00032|
3|16|2|11|.000365|
3|16|2|11|.000364|
3|16|2|11|.000428|
3|16|2|101|.000509|
3|16|2|101|.000391|
3|16|2|101|.000338|
3|16|2|101|.000532|
3|16|2|101|.000527|
3|16|2|1009|.00053|
3|16|2|1009|.000365|
3|16|2|1009|.000363|
3|16|2|1009|.000371|
3|16|2|1009|.000383|
3|16|2|32749|.000435|
3|16|2|32749|.000369|
3|16|2|32749|.000403|
3|16|2|32749|.000386|
3|16|2|32749|.000391|
3|16|10|11|.00057|
3|16|10|11|.000552|
3|16|10|11|.000554|
3|16|10|11|.000549|
3|16|10|11|.000465|
3|16|10|101|.000535|
3|16|10|101|.000539|
3|16|10|101|.000544|
3|16|10|101|.000537|
3|16|10|101|.000542|
3|16|10|1009|.000558|
3|16|10|1009|.000613|
3|16|10|1009|.000537|
3|16|10|1009|.000555|
3|16|10|1009|.000671|
3|16|10|32749|.000847|
3|16|10|32749|.000754|
3|16|10|32749|.000935|
3|16|10|32749|.000814|
3|16|10|32749|.000683|
3|16|18|11|.000756|
3|16|18|11|.000621|
3|16|18|11|.000611|
3|16|18|11|.000606|
3|16|18|11|.000654|
3|16|18|101|.000571|
3|16|18|101|.000541|
3|16|18|101|.000554|
3|16|18|101|.000539|
3|16|18|101|.000612|
3|16|18|1009|.000589|
3|16|18|1009|.000634|
3|16|18|1009|.000624|
3|16|18|1009|.000633|
3|16|18|1009|.000594|
3|16|18|32749|.000836|
3|16|18|32749|.000871|
3|16|18|32749|.000835|
3|16|18|32749|.000845|
3|16|18|32749|.000895|
3|256|2|11|.000323|
3|256|2|11|.000321|
3|256|2|11|.000396|
3|256|2|11|.00044|
3|256|2|11|.00033|
3|256|2|101|.000349|
3|256|2|101|.000344|
3|256|2|101|.00044|
3|256|2|101|.000379|
3|256|2|101|.000407|
3|256|2|1009|.000372|
3|256|2|1009|.000363|
3|256|2|1009|.000372|
3|256|2|1009|.00035|
3|256|2|1009|.000328|
3|256|2|32749|.000409|
3|256|2|32749|.00042|
3|256|2|32749|.000424|
3|256|2|32749|.000421|
3|256|2|32749|.000417|
3|256|10|11|.000568|
3|256|10|11|.00065|
3|256|10|11|.000491|
3|256|10|11|.000489|
3|256|10|11|.000471|
3|256|10|101|.000605|
3|256|10|101|.000578|
3|256|10|101|.000686|
3|256|10|101|.000727|
3|256|10|101|.000605|
3|256|10|1009|.000533|
3|256|10|1009|.00054|
3|256|10|1009|.000529|
3|256|10|1009|.000527|
3|256|10|1009|.000563|
3|256|10|32749|.000764|
3|256|10|32749|.000672|
3|256|10|32749|.000838|
3|256|10|32749|.000843|
3|256|10|32749|.000661|
3|256|18|11|.000762|
3|256|18|11|.000737|
3|256|18|11|.000707|
3|256|18|11|.000629|
3|256|18|11|.000612|
3|256|18|101|.000677|
3|256|18|101|.000628|
3|256|18|101|.000586|
3|256|18|101|.000577|
3|256|18|101|.000636|
3|256|18|1009|.000705|
3|256|18|1009|.000652|
3|256|18|1009|.000845|
3|256|18|1009|.000783|
3|256|18|1009|.000587|
3|256|18|32749|.000821|
3|256|18|32749|.000781|
3|256|18|32749|.00078|
3|256|18|32749|.000832|
3|256|18|32749|.000768|
3|4096|2|11|.00038|
3|4096|2|11|.000378|
3|4096|2|11|.000351|
3|4096|2|11|.000321|
3|4096|2|11|.000367|
3|4096|2|101|.000372|
3|4096|2|101|.000329|
3|4096|2|101|.000326|
3|4096|2|101|.000325|
3|4096|2|101|.000316|
3|4096|2|1009|.000321|
3|4096|2|1009|.000322|
3|4096|2|1009|.000351|
3|4096|2|1009|.00035|
3|4096|2|1009|.00035|
3|4096|2|32749|.000481|
3|4096|2|32749|.000455|
3|4096|2|32749|.000454|
3|4096|2|32749|.00045|
3|4096|2|32749|.000503|
3|4096|10|11|.000528|
3|4096|10|11|.000529|
3|4096|10|11|.000431|
3|4096|10|11|.000427|
3|4096|10|11|.00043|
3|4096|10|101|.000596|
3|4096|10|101|.000584|
3|4096|10|101|.000648|
3|4096|10|101|.000526|
3|4096|10|101|.000564|
3|4096|10|1009|.000664|
3|4096|10|1009|.000687|
3|4096|10|1009|.000679|
3|4096|10|1009|.00058|
3|4096|10|1009|.000657|
3|4096|10|32749|.000704|
3|4096|10|32749|.000681|
3|4096|10|32749|.000695|
3|4096|10|32749|.000684|
3|4096|10|32749|.00089|
3|4096|18|11|.000725|
3|4096|18|11|.000735|
3|4096|18|11|.000574|
3|4096|18|11|.000646|
3|4096|18|11|.000695|
3|4096|18|101|.000736|
3|4096|18|101|.000624|
3|4096|18|101|.000694|
3|4096|18|101|.000691|
3|4096|18|101|.000601|
3|4096|18|1009|.000671|
3|4096|18|1009|.000609|
3|4096|18|1009|.000624|
3|4096|18|1009|.000627|
3|4096|18|1009|.000585|
3|4096|18|32749|.0008|
3|4096|18|32749|.000861|
3|4096|18|32749|.000939|
3|4096|18|32749|.00069|
3|4096|18|32749|.000742|
3|65536|2|11|.000302|
3|65536|2|11|.00038|
3|65536|2|11|.000308|
3|65536|2|11|.000356|
3|65536|2|11|.00032|
3|65536|2|101|.000351|
3|65536|2|101|.000346|
3|65536|2|101|.000328|
3|65536|2|101|.000362|
3|65536|2|101|.000338|
3|65536|2|1009|.000321|
3|65536|2|1009|.000344|
3|65536|2|1009|.000412|
3|65536|2|1009|.000416|
3|65536|2|1009|.00042|
3|65536|2|32749|.00037|
3|65536|2|32749|.000382|
3|65536|2|32749|.000475|
3|65536|2|32749|.000452|
3|65536|2|32749|.000455|
3|65536|10|11|.000507|
3|65536|10|11|.0005|
3|65536|10|11|.000619|
3|65536|10|11|.000557|
3|65536|10|11|.000537|
3|65536|10|101|.000554|
3|65536|10|101|.000541|
3|65536|10|101|.000545|
3|65536|10|101|.000544|
3|65536|10|101|.000518|
3|65536|10|1009|.000516|
3|65536|10|1009|.000593|
3|65536|10|1009|.00057|
3|65536|10|1009|.000594|
3|65536|10|1009|.000571|
3|65536|10|32749|.000715|
3|65536|10|32749|.000701|
3|65536|10|32749|.000732|
3|65536|10|32749|.000717|
3|65536|10|32749|.000682|
3|65536|18|11|.000651|
3|65536|18|11|.000623|
3|65536|18|11|.000567|
3|65536|18|11|.000545|
3|65536|18|11|.000555|
3|65536|18|101|.000591|
3|65536|18|101|.00063|
3|65536|18|101|.000613|
3|65536|18|101|.00062|
3|65536|18|101|.000718|
3|65536|18|1009|.000774|
3|65536|18|1009|.000641|
3|65536|18|1009|.000657|
3|65536|18|1009|.000636|
3|65536|18|1009|.000562|
3|65536|18|32749|.000788|
3|65536|18|32749|.000711|
3|65536|18|32749|.001067|
3|65536|18|32749|.001053|
3|65536|18|32749|.000797|
3|1048576|2|11|.000402|
3|1048576|2|11|.000395|
3|1048576|2|11|.000339|
3|1048576|2|11|.000335|
3|1048576|2|11|.000323|
3|1048576|2|101|.000339|
3|1048576|2|101|.000411|
3|1048576|2|101|.000456|
3|1048576|2|101|.000397|
3|1048576|2|101|.000571|
3|1048576|2|1009|.000453|
3|1048576|2|1009|.000433|
3|1048576|2|1009|.000607|
3|1048576|2|1009|.000595|
3|1048576|2|1009|.000385|
3|1048576|2|32749|.000515|
3|1048576|2|32749|.000442|
3|1048576|2|32749|.000521|
3|1048576|2|32749|.000416|
3|1048576|2|32749|.00042|
3|1048576|10|11|.000517|
3|1048576|10|11|.000477|
3|1048576|10|11|.000463|
3|1048576|10|11|.000513|
3|1048576|10|11|.000528|
3|1048576|10|101|.000546|
3|1048576|10|101|.000473|
3|1048576|10|101|.000493|
3|1048576|10|101|.00064|
3|1048576|10|101|.000618|
3|1048576|10|1009|.000683|
3|1048576|10|1009|.000687|
3|1048576|10|1009|.000558|
3|1048576|10|1009|.000559|
3|1048576|10|1009|.000559|
3|1048576|10|32749|.000645|
3|1048576|10|32749|.000648|
3|1048576|10|32749|.000706|
3|1048576|10|32749|.000707|
3|1048576|10|32749|.00071|
3|1048576|18|11|.000602|
3|1048576|18|11|.000627|
3|1048576|18|11|.000635|
3|1048576|18|11|.000637|
3|1048576|18|11|.000635|
3|1048576|18|101|.000603|
3|1048576|18|101|.000629|
3|1048576|18|101|.000576|
3|1048576|18|101|.000613|
3|1048576|18|101|.000546|
3|1048576|18|1009|.000642|
3|1048576|18|1009|.000663|
3|1048576|18|1009|.000583|
3|1048576|18|1009|.000605|
3|1048576|18|1009|.000661|
3|1048576|18|32749|.000889|
3|1048576|18|32749|.000933|
3|1048576|18|32749|.000983|
3|1048576|18|32749|.000875|
3|1048576|18|32749|.000991|
4|16|2|11|.0005|
4|16|2|11|.000492|
4|16|2|11|.000489|
4|16|2|11|.000486|
4|16|2|11|.000588|
4|16|2|101|.000675|
4|16|2|101|.000672|
4|16|2|101|.000439|
4|16|2|101|.00044|
4|16|2|101|.000957|
4|16|2|1009|.000927|
4|16|2|1009|.0008|
4|16|2|1009|.000556|
4|16|2|1009|.000558|
4|16|2|1009|.000558|
4|16|2|32749|.000629|
4|16|2|32749|.000737|
4|16|2|32749|.000553|
4|16|2|32749|.000564|
4|16|2|32749|.00058|
4|16|10|11|.001137|
4|16|10|11|.001059|
4|16|10|11|.001087|
4|16|10|11|.001307|
4|16|10|11|.001356|
4|16|10|101|.00125|
4|16|10|101|.001256|
4|16|10|101|.001248|
4|16|10|101|.001218|
4|16|10|101|.001211|
4|16|10|1009|.001299|
4|16|10|1009|.00129|
4|16|10|1009|.001304|
4|16|10|1009|.001123|
4|16|10|1009|.001121|
4|16|10|32749|.001411|
4|16|10|32749|.001506|
4|16|10|32749|.001525|
4|16|10|32749|.001653|
4|16|10|32749|.001564|
4|16|18|11|.00122|
4|16|18|11|.001301|
4|16|18|11|.001459|
4|16|18|11|.001503|
4|16|18|11|.001251|
4|16|18|101|.001267|
4|16|18|101|.001428|
4|16|18|101|.001484|
4|16|18|101|.001434|
4|16|18|101|.001466|
4|16|18|1009|.001454|
4|16|18|1009|.001506|
4|16|18|1009|.001548|
4|16|18|1009|.001482|
4|16|18|1009|.001338|
4|16|18|32749|.001607|
4|16|18|32749|.001834|
4|16|18|32749|.001786|
4|16|18|32749|.00156|
4|16|18|32749|.001529|
4|256|2|11|.000502|
4|256|2|11|.00074|
4|256|2|11|.000739|
4|256|2|11|.000611|
4|256|2|11|.000616|
4|256|2|101|.000538|
4|256|2|101|.000514|
4|256|2|101|.000518|
4|256|2|101|.000803|
4|256|2|101|.000802|
4|256|2|1009|.000815|
4|256|2|1009|.000694|
4|256|2|1009|.000692|
4|256|2|1009|.000823|
4|256|2|1009|.001023|
4|256|2|32749|.000644|
4|256|2|32749|.000733|
4|256|2|32749|.000758|
4|256|2|32749|.000725|
4|256|2|32749|.000737|
4|256|10|11|.000963|
4|256|10|11|.000982|
4|256|10|11|.000986|
4|256|10|11|.001372|
4|256|10|11|.001337|
4|256|10|101|.001132|
4|256|10|101|.001106|
4|256|10|101|.001276|
4|256|10|101|.001611|
4|256|10|101|.001586|
4|256|10|1009|.001305|
4|256|10|1009|.00131|
4|256|10|1009|.001347|
4|256|10|1009|.001431|
4|256|10|1009|.001055|
4|256|10|32749|.001304|
4|256|10|32749|.001282|
4|256|10|32749|.001787|
4|256|10|32749|.002151|
4|256|10|32749|.001744|
4|256|18|11|.001345|
4|256|18|11|.00135|
4|256|18|11|.001316|
4|256|18|11|.001278|
4|256|18|11|.001259|
4|256|18|101|.001495|
4|256|18|101|.001378|
4|256|18|101|.00133|
4|256|18|101|.001329|
4|256|18|101|.001391|
4|256|18|1009|.001269|
4|256|18|1009|.001454|
4|256|18|1009|.001448|
4|256|18|1009|.001437|
4|256|18|1009|.001308|
4|256|18|32749|.001593|
4|256|18|32749|.00169|
4|256|18|32749|.001832|
4|256|18|32749|.001699|
4|256|18|32749|.001586|
4|4096|2|11|.000782|
4|4096|2|11|.000678|
4|4096|2|11|.000665|
4|4096|2|11|.000624|
4|4096|2|11|.00059|
4|4096|2|101|.000585|
4|4096|2|101|.000477|
4|4096|2|101|.00048|
4|4096|2|101|.000819|
4|4096|2|101|.000824|
4|4096|2|1009|.000821|
4|4096|2|1009|.000622|
4|4096|2|1009|.00062|
4|4096|2|1009|.000625|
4|4096|2|1009|.001076|
4|4096|2|32749|.001277|
4|4096|2|32749|.000909|
4|4096|2|32749|.000903|
4|4096|2|32749|.0009|
4|4096|2|32749|.00084|
4|4096|10|11|.001084|
4|4096|10|11|.001112|
4|4096|10|11|.001204|
4|4096|10|11|.001153|
4|4096|10|11|.001053|
4|4096|10|101|.001235|
4|4096|10|101|.001269|
4|4096|10|101|.001297|
4|4096|10|101|.001304|
4|4096|10|101|.001396|
4|4096|10|1009|.0013|
4|4096|10|1009|.001291|
4|4096|10|1009|.001288|
4|4096|10|1009|.001208|
4|4096|10|1009|.00137|
4|4096|10|32749|.001761|
4|4096|10|32749|.001584|
4|4096|10|32749|.00185|
4|4096|10|32749|.001632|
4|4096|10|32749|.001651|
4|4096|18|11|.001288|
4|4096|18|11|.001352|
4|4096|18|11|.001332|
4|4096|18|11|.00129|
4|4096|18|11|.00133|
4|4096|18|101|.001329|
4|4096|18|101|.001326|
4|4096|18|101|.001326|
4|4096|18|101|.001348|
4|4096|18|101|.001391|
4|4096|18|1009|.001459|
4|4096|18|1009|.001444|
4|4096|18|1009|.00145|
4|4096|18|1009|.001442|
4|4096|18|1009|.001512|
4|4096|18|32749|.001734|
4|4096|18|32749|.001828|
4|4096|18|32749|.001777|
4|4096|18|32749|.001589|
4|4096|18|32749|.001719|
4|65536|2|11|.000442|
4|65536|2|11|.000722|
4|65536|2|11|.000716|
4|65536|2|11|.000865|
4|65536|2|11|.000565|
4|65536|2|101|.000555|
4|65536|2|101|.000451|
4|65536|2|101|.00045|
4|65536|2|101|.000559|
4|65536|2|101|.000557|
4|65536|2|1009|.000573|
4|65536|2|1009|.000649|
4|65536|2|1009|.000643|
4|65536|2|1009|.000615|
4|65536|2|1009|.000615|
4|65536|2|32749|.000901|
4|65536|2|32749|.000994|
4|65536|2|32749|.001287|
4|65536|2|32749|.000931|
4|65536|2|32749|.000808|
4|65536|10|11|.001177|
4|65536|10|11|.001106|
4|65536|10|11|.001119|
4|65536|10|11|.0011|
4|65536|10|11|.001105|
4|65536|10|101|.001226|
4|65536|10|101|.001401|
4|65536|10|101|.001464|
4|65536|10|101|.001395|
4|65536|10|101|.00141|
4|65536|10|1009|.001367|
4|65536|10|1009|.001203|
4|65536|10|1009|.00119|
4|65536|10|1009|.001154|
4|65536|10|1009|.001478|
4|65536|10|32749|.001535|
4|65536|10|32749|.001482|
4|65536|10|32749|.00148|
4|65536|10|32749|.001533|
4|65536|10|32749|.001724|
4|65536|18|11|.001397|
4|65536|18|11|.001213|
4|65536|18|11|.001215|
4|65536|18|11|.001268|
4|65536|18|11|.001299|
4|65536|18|101|.00132|
4|65536|18|101|.001339|
4|65536|18|101|.00134|
4|65536|18|101|.001431|
4|65536|18|101|.001486|
4|65536|18|1009|.00154|
4|65536|18|1009|.001263|
4|65536|18|1009|.001421|
4|65536|18|1009|.001262|
4|65536|18|1009|.001444|
4|65536|18|32749|.001623|
4|65536|18|32749|.001653|
4|65536|18|32749|.001554|
4|65536|18|32749|.001645|
4|65536|18|32749|.001591|
4|1048576|2|11|.000553|
4|1048576|2|11|.000566|
4|1048576|2|11|.000574|
4|1048576|2|11|.000689|
4|1048576|2|11|.000718|
4|1048576|2|101|.000616|
4|1048576|2|101|.000613|
4|1048576|2|101|.000614|
4|1048576|2|101|.000757|
4|1048576|2|101|.000527|
4|1048576|2|1009|.000506|
4|1048576|2|1009|.000794|
4|1048576|2|1009|.000963|
4|1048576|2|1009|.000988|
4|1048576|2|1009|.000953|
4|1048576|2|32749|.00121|
4|1048576|2|32749|.000654|
4|1048576|2|32749|.000615|
4|1048576|2|32749|.000798|
4|1048576|2|32749|.000719|
4|1048576|10|11|.001312|
4|1048576|10|11|.001529|
4|1048576|10|11|.001779|
4|1048576|10|11|.001351|
4|1048576|10|11|.001196|
4|1048576|10|101|.001119|
4|1048576|10|101|.001459|
4|1048576|10|101|.001392|
4|1048576|10|101|.001362|
4|1048576|10|101|.001249|
4|1048576|10|1009|.001194|
4|1048576|10|1009|.001296|
4|1048576|10|1009|.001465|
4|1048576|10|1009|.00152|
4|1048576|10|1009|.001496|
4|1048576|10|32749|.00189|
4|1048576|10|32749|.001682|
4|1048576|10|32749|.001643|
4|1048576|10|32749|.001637|
4|1048576|10|32749|.001513|
4|1048576|18|11|.001502|
4|1048576|18|11|.001457|
4|1048576|18|11|.001229|
4|1048576|18|11|.001234|
4|1048576|18|11|.00113|
4|1048576|18|101|.001406|
4|1048576|18|101|.001385|
4|1048576|18|101|.00163|
4|1048576|18|101|.001928|
4|1048576|18|101|.001814|
4|1048576|18|1009|.001424|
4|1048576|18|1009|.001458|
4|1048576|18|1009|.001393|
4|1048576|18|1009|.001576|
4|1048576|18|1009|.001604|
4|1048576|18|32749|.001754|
4|1048576|18|32749|.001584|
4|1048576|18|32749|.001589|
4|1048576|18|32749|.001737|
4|1048576|18|32749|.001662|
5|16|2|11|.001913|
5|16|2|11|.001838|
5|16|2|11|.001438|
5|16|2|11|.001441|
5|16|2|11|.001419|
5|16|2|101|.002187|
5|16|2|101|.001137|
5|16|2|101|.001031|
5|16|2|101|.001173|
5|16|2|101|.001187|
5|16|2|1009|.001269|
5|16|2|1009|.001286|
5|16|2|1009|.001693|
5|16|2|1009|.001523|
5|16|2|1009|.000796|
5|16|2|32749|.001237|
5|16|2|32749|.001165|
5|16|2|32749|.001407|
5|16|2|32749|.002483|
5|16|2|32749|.002741|
5|16|10|11|.002988|
5|16|10|11|.002798|
5|16|10|11|.002762|
5|16|10|11|.002509|
5|16|10|11|.003477|
5|16|10|101|.004438|
5|16|10|101|.003951|
5|16|10|101|.003585|
5|16|10|101|.004031|
5|16|10|101|.003403|
5|16|10|1009|.003268|
5|16|10|1009|.002685|
5|16|10|1009|.002666|
5|16|10|1009|.002842|
5|16|10|1009|.003396|
5|16|10|32749|.003099|
5|16|10|32749|.003151|
5|16|10|32749|.003101|
5|16|10|32749|.003349|
5|16|10|32749|.003689|
5|16|18|11|.002731|
5|16|18|11|.003576|
5|16|18|11|.002903|
5|16|18|11|.002843|
5|16|18|11|.003303|
5|16|18|101|.003701|
5|16|18|101|.003278|
5|16|18|101|.003173|
5|16|18|101|.002736|
5|16|18|101|.002969|
5|16|18|1009|.002839|
5|16|18|1009|.003103|
5|16|18|1009|.0031|
5|16|18|1009|.003834|
5|16|18|1009|.003917|
5|16|18|32749|.003282|
5|16|18|32749|.003356|
5|16|18|32749|.003917|
5|16|18|32749|.004917|
5|16|18|32749|.004282|
5|256|2|11|.000987|
5|256|2|11|.001788|
5|256|2|11|.001787|
5|256|2|11|.001135|
5|256|2|11|.00131|
5|256|2|101|.002315|
5|256|2|101|.001332|
5|256|2|101|.001025|
5|256|2|101|.001025|
5|256|2|101|.001211|
5|256|2|1009|.001502|
5|256|2|1009|.001505|
5|256|2|1009|.001511|
5|256|2|1009|.001387|
5|256|2|1009|.001533|
5|256|2|32749|.001847|
5|256|2|32749|.001786|
5|256|2|32749|.001946|
5|256|2|32749|.001384|
5|256|2|32749|.001444|
5|256|10|11|.002765|
5|256|10|11|.00278|
5|256|10|11|.002643|
5|256|10|11|.002678|
5|256|10|11|.002477|
5|256|10|101|.003483|
5|256|10|101|.003734|
5|256|10|101|.003274|
5|256|10|101|.003817|
5|256|10|101|.003248|
5|256|10|1009|.003292|
5|256|10|1009|.003556|
5|256|10|1009|.003777|
5|256|10|1009|.004223|
5|256|10|1009|.003537|
5|256|10|32749|.003114|
5|256|10|32749|.003271|
5|256|10|32749|.003391|
5|256|10|32749|.003927|
5|256|10|32749|.003457|
5|256|18|11|.0037|
5|256|18|11|.003752|
5|256|18|11|.002808|
5|256|18|11|.002754|
5|256|18|11|.002996|
5|256|18|101|.00392|
5|256|18|101|.00359|
5|256|18|101|.002986|
5|256|18|101|.002586|
5|256|18|101|.003015|
5|256|18|1009|.002651|
5|256|18|1009|.002636|
5|256|18|1009|.002477|
5|256|18|1009|.002475|
5|256|18|1009|.002839|
5|256|18|32749|.003193|
5|256|18|32749|.003914|
5|256|18|32749|.003244|
5|256|18|32749|.003904|
5|256|18|32749|.00473|
5|4096|2|11|.001828|
5|4096|2|11|.00165|
5|4096|2|11|.001986|
5|4096|2|11|.001687|
5|4096|2|11|.001847|
5|4096|2|101|.002219|
5|4096|2|101|.001184|
5|4096|2|101|.001791|
5|4096|2|101|.001799|
5|4096|2|101|.001129|
5|4096|2|1009|.00114|
5|4096|2|1009|.001602|
5|4096|2|1009|.001454|
5|4096|2|1009|.000993|
5|4096|2|1009|.001126|
5|4096|2|32749|.001504|
5|4096|2|32749|.002206|
5|4096|2|32749|.002044|
5|4096|2|32749|.001679|
5|4096|2|32749|.001165|
5|4096|10|11|.002726|
5|4096|10|11|.002707|
5|4096|10|11|.002705|
5|4096|10|11|.002997|
5|4096|10|11|.002958|
5|4096|10|101|.002738|
5|4096|10|101|.003256|
5|4096|10|101|.003792|
5|4096|10|101|.004712|
5|4096|10|101|.003996|
5|4096|10|1009|.003303|
5|4096|10|1009|.002902|
5|4096|10|1009|.002672|
5|4096|10|1009|.003479|
5|4096|10|1009|.003187|
5|4096|10|32749|.003461|
5|4096|10|32749|.003071|
5|4096|10|32749|.003116|
5|4096|10|32749|.003599|
5|4096|10|32749|.00427|
5|4096|18|11|.004122|
5|4096|18|11|.003476|
5|4096|18|11|.002856|
5|4096|18|11|.003385|
5|4096|18|11|.002071|
5|4096|18|101|.002943|
5|4096|18|101|.002945|
5|4096|18|101|.002958|
5|4096|18|101|.00356|
5|4096|18|101|.003785|
5|4096|18|1009|.003829|
5|4096|18|1009|.003455|
5|4096|18|1009|.003353|
5|4096|18|1009|.003784|
5|4096|18|1009|.003801|
5|4096|18|32749|.00363|
5|4096|18|32749|.003138|
5|4096|18|32749|.003407|
5|4096|18|32749|.002799|
5|4096|18|32749|.003129|
5|65536|2|11|.001082|
5|65536|2|11|.001331|
5|65536|2|11|.001331|
5|65536|2|11|.001613|
5|65536|2|11|.001602|
5|65536|2|101|.001958|
5|65536|2|101|.001227|
5|65536|2|101|.001399|
5|65536|2|101|.001459|
5|65536|2|101|.001861|
5|65536|2|1009|.000878|
5|65536|2|1009|.000994|
5|65536|2|1009|.00085|
5|65536|2|1009|.000865|
5|65536|2|1009|.001177|
5|65536|2|32749|.001615|
5|65536|2|32749|.001445|
5|65536|2|32749|.001069|
5|65536|2|32749|.001038|
5|65536|2|32749|.001515|
5|65536|10|11|.002928|
5|65536|10|11|.002315|
5|65536|10|11|.002535|
5|65536|10|11|.002634|
5|65536|10|11|.002584|
5|65536|10|101|.003875|
5|65536|10|101|.003833|
5|65536|10|101|.003674|
5|65536|10|101|.003122|
5|65536|10|101|.003559|
5|65536|10|1009|.004133|
5|65536|10|1009|.003834|
5|65536|10|1009|.003655|
5|65536|10|1009|.002501|
5|65536|10|1009|.002881|
5|65536|10|32749|.003406|
5|65536|10|32749|.004035|
5|65536|10|32749|.003236|
5|65536|10|32749|.004385|
5|65536|10|32749|.004346|
5|65536|18|11|.003796|
5|65536|18|11|.00366|
5|65536|18|11|.003515|
5|65536|18|11|.002277|
5|65536|18|11|.002852|
5|65536|18|101|.002926|
5|65536|18|101|.002918|
5|65536|18|101|.002823|
5|65536|18|101|.003219|
5|65536|18|101|.002369|
5|65536|18|1009|.003016|
5|65536|18|1009|.003292|
5|65536|18|1009|.004733|
5|65536|18|1009|.004569|
5|65536|18|1009|.002502|
5|65536|18|32749|.003351|
5|65536|18|32749|.003005|
5|65536|18|32749|.003224|
5|65536|18|32749|.003511|
5|65536|18|32749|.003965|
5|1048576|2|11|.000978|
5|1048576|2|11|.001003|
5|1048576|2|11|.002233|
5|1048576|2|11|.002407|
5|1048576|2|11|.001075|
5|1048576|2|101|.001152|
5|1048576|2|101|.00133|
5|1048576|2|101|.001309|
5|1048576|2|101|.001793|
5|1048576|2|101|.002552|
5|1048576|2|1009|.002233|
5|1048576|2|1009|.001779|
5|1048576|2|1009|.001337|
5|1048576|2|1009|.001013|
5|1048576|2|1009|.001032|
5|1048576|2|32749|.00191|
5|1048576|2|32749|.00149|
5|1048576|2|32749|.001853|
5|1048576|2|32749|.001172|
5|1048576|2|32749|.001183|
5|1048576|10|11|.002403|
5|1048576|10|11|.00287|
5|1048576|10|11|.007939|
5|1048576|10|11|.003583|
5|1048576|10|11|.003485|
5|1048576|10|101|.004606|
5|1048576|10|101|.004447|
5|1048576|10|101|.004032|
5|1048576|10|101|.003882|
5|1048576|10|101|.002782|
5|1048576|10|1009|.003053|
5|1048576|10|1009|.002989|
5|1048576|10|1009|.003364|
5|1048576|10|1009|.003412|
5|1048576|10|1009|.003084|
5|1048576|10|32749|.004149|
5|1048576|10|32749|.004861|
5|1048576|10|32749|.004826|
5|1048576|10|32749|.003263|
5|1048576|10|32749|.003697|
5|1048576|18|11|.00797|
5|1048576|18|11|.007748|
5|1048576|18|11|.003799|
5|1048576|18|11|.002646|
5|1048576|18|11|.002149|
5|1048576|18|101|.002874|
5|1048576|18|101|.003712|
5|1048576|18|101|.008646|
5|1048576|18|101|.004074|
5|1048576|18|101|.004046|
5|1048576|18|1009|.003808|
5|1048576|18|1009|.003923|
5|1048576|18|1009|.003369|
5|1048576|18|1009|.002878|
5|1048576|18|1009|.003075|
5|1048576|18|32749|.002928|
5|1048576|18|32749|.004851|
5|1048576|18|32749|.004836|
5|1048576|18|32749|.004373|
5|1048576|18|32749|.003968|
6|16|2|11|.011042|
6|16|2|11|.004039|
6|16|2|11|.003076|
6|16|2|11|.002341|
6|16|2|11|.002044|
6|16|2|101|.003203|
6|16|2|101|.006116|
6|16|2|101|.006699|
6|16|2|101|.006649|
6|16|2|101|.002172|
6|16|2|1009|.00211|
6|16|2|1009|.002823|
6|16|2|1009|.002761|
6|16|2|1009|.002905|
6|16|2|1009|.00136|
6|16|2|32749|.003467|
6|16|2|32749|.002485|
6|16|2|32749|.003081|
6|16|2|32749|.004829|
6|16|2|32749|.004178|
6|16|10|11|.005885|
6|16|10|11|.006525|
6|16|10|11|.00784|
6|16|10|11|.007104|
6|16|10|11|.006829|
6|16|10|101|.00649|
6|16|10|101|.006163|
6|16|10|101|.011031|
6|16|10|101|.009847|
6|16|10|101|.009761|
6|16|10|1009|.009804|
6|16|10|1009|.010253|
6|16|10|1009|.009819|
6|16|10|1009|.007124|
6|16|10|1009|.006252|
6|16|10|32749|.00868|
6|16|10|32749|.022017|
6|16|10|32749|.009387|
6|16|10|32749|.009975|
6|16|10|32749|.019684|
6|16|18|11|.007463|
6|16|18|11|.007133|
6|16|18|11|.006129|
6|16|18|11|.006315|
6|16|18|11|.007136|
6|16|18|101|.009002|
6|16|18|101|.008998|
6|16|18|101|.008457|
6|16|18|101|.008228|
6|16|18|101|.007749|
6|16|18|1009|.005231|
6|16|18|1009|.007069|
6|16|18|1009|.005674|
6|16|18|1009|.008016|
6|16|18|1009|.013084|
6|16|18|32749|.006752|
6|16|18|32749|.006461|
6|16|18|32749|.00848|
6|16|18|32749|.00848|
6|16|18|32749|.009391|
6|256|2|11|.002868|
6|256|2|11|.001996|
6|256|2|11|.007492|
6|256|2|11|.003514|
6|256|2|11|.006383|
6|256|2|101|.004902|
6|256|2|101|.004885|
6|256|2|101|.007215|
6|256|2|101|.001814|
6|256|2|101|.003479|
6|256|2|1009|.003995|
6|256|2|1009|.004098|
6|256|2|1009|.001802|
6|256|2|1009|.001748|
6|256|2|1009|.006176|
6|256|2|32749|.006674|
6|256|2|32749|.00599|
6|256|2|32749|.00368|
6|256|2|32749|.003565|
6|256|2|32749|.002439|
6|256|10|11|.014898|
6|256|10|11|.00751|
6|256|10|11|.019218|
6|256|10|11|.009595|
6|256|10|11|.016637|
6|256|10|101|.009185|
6|256|10|101|.00899|
6|256|10|101|.007001|
6|256|10|101|.007076|
6|256|10|101|.007261|
6|256|10|1009|.009558|
6|256|10|1009|.010636|
6|256|10|1009|.007929|
6|256|10|1009|.017431|
6|256|10|1009|.018281|
6|256|10|32749|.021437|
6|256|10|32749|.007423|
6|256|10|32749|.00897|
6|256|10|32749|.00898|
6|256|10|32749|.010657|
6|256|18|11|.009365|
6|256|18|11|.016281|
6|256|18|11|.007984|
6|256|18|11|.007929|
6|256|18|11|.007638|
6|256|18|101|.008368|
6|256|18|101|.007798|
6|256|18|101|.016194|
6|256|18|101|.009256|
6|256|18|101|.007814|
6|256|18|1009|.008332|
6|256|18|1009|.008154|
6|256|18|1009|.006894|
6|256|18|1009|.008264|
6|256|18|1009|.008191|
6|256|18|32749|.008351|
6|256|18|32749|.010455|
6|256|18|32749|.008609|
6|256|18|32749|.008655|
6|256|18|32749|.009055|
6|4096|2|11|.00521|
6|4096|2|11|.007005|
6|4096|2|11|.002908|
6|4096|2|11|.002928|
6|4096|2|11|.004016|
6|4096|2|101|.002818|
6|4096|2|101|.003144|
6|4096|2|101|.003165|
6|4096|2|101|.004382|
6|4096|2|101|.003589|
6|4096|2|1009|.004721|
6|4096|2|1009|.010815|
6|4096|2|1009|.011681|
6|4096|2|1009|.004047|
6|4096|2|1009|.00261|
6|4096|2|32749|.003397|
6|4096|2|32749|.006543|
6|4096|2|32749|.002864|
6|4096|2|32749|.003723|
6|4096|2|32749|.004263|
6|4096|10|11|.016334|
6|4096|10|11|.006707|
6|4096|10|11|.018304|
6|4096|10|11|.006601|
6|4096|10|11|.0066|
6|4096|10|101|.007924|
6|4096|10|101|.009259|
6|4096|10|101|.009955|
6|4096|10|101|.006726|
6|4096|10|101|.010479|
6|4096|10|1009|.022005|
6|4096|10|1009|.009258|
6|4096|10|1009|.007606|
6|4096|10|1009|.009503|
6|4096|10|1009|.007639|
6|4096|10|32749|.009707|
6|4096|10|32749|.009406|
6|4096|10|32749|.009462|
6|4096|10|32749|.009316|
6|4096|10|32749|.010819|
6|4096|18|11|.007246|
6|4096|18|11|.008128|
6|4096|18|11|.008268|
6|4096|18|11|.007859|
6|4096|18|11|.015152|
6|4096|18|101|.009732|
6|4096|18|101|.008273|
6|4096|18|101|.017356|
6|4096|18|101|.008731|
6|4096|18|101|.017883|
6|4096|18|1009|.007753|
6|4096|18|1009|.007643|
6|4096|18|1009|.016617|
6|4096|18|1009|.015584|
6|4096|18|1009|.008044|
6|4096|18|32749|.021865|
6|4096|18|32749|.018033|
6|4096|18|32749|.010362|
6|4096|18|32749|.010068|
6|4096|18|32749|.009991|
6|65536|2|11|.006006|
6|65536|2|11|.004079|
6|65536|2|11|.005515|
6|65536|2|11|.006136|
6|65536|2|11|.005382|
6|65536|2|101|.005578|
6|65536|2|101|.003528|
6|65536|2|101|.005959|
6|65536|2|101|.005934|
6|65536|2|101|.005797|
6|65536|2|1009|.00453|
6|65536|2|1009|.004495|
6|65536|2|1009|.003362|
6|65536|2|1009|.005892|
6|65536|2|1009|.002417|
6|65536|2|32749|.003908|
6|65536|2|32749|.00641|
6|65536|2|32749|.005948|
6|65536|2|32749|.015302|
6|65536|2|32749|.003726|
6|65536|10|11|.012382|
6|65536|10|11|.008219|
6|65536|10|11|.007358|
6|65536|10|11|.006788|
6|65536|10|11|.00626|
6|65536|10|101|.016152|
6|65536|10|101|.008438|
6|65536|10|101|.00889|
6|65536|10|101|.018716|
6|65536|10|101|.018116|
6|65536|10|1009|.008146|
6|65536|10|1009|.008614|
6|65536|10|1009|.009986|
6|65536|10|1009|.018488|
6|65536|10|1009|.019848|
6|65536|10|32749|.010578|
6|65536|10|32749|.013694|
6|65536|10|32749|.009937|
6|65536|10|32749|.009669|
6|65536|10|32749|.020525|
6|65536|18|11|.015341|
6|65536|18|11|.016616|
6|65536|18|11|.006607|
6|65536|18|11|.014493|
6|65536|18|11|.015723|
6|65536|18|101|.017645|
6|65536|18|101|.01612|
6|65536|18|101|.017397|
6|65536|18|101|.018693|
6|65536|18|101|.017212|
6|65536|18|1009|.018306|
6|65536|18|1009|.01915|
6|65536|18|1009|.008764|
6|65536|18|1009|.008471|
6|65536|18|1009|.018203|
6|65536|18|32749|.018064|
6|65536|18|32749|.019449|
6|65536|18|32749|.019417|
6|65536|18|32749|.019722|
6|65536|18|32749|.02035|
6|1048576|2|11|.004784|
6|1048576|2|11|.008622|
6|1048576|2|11|.012325|
6|1048576|2|11|.005103|
6|1048576|2|11|.003352|
6|1048576|2|101|.003494|
6|1048576|2|101|.00344|
6|1048576|2|101|.007694|
6|1048576|2|101|.004753|
6|1048576|2|101|.009963|
6|1048576|2|1009|.00815|
6|1048576|2|1009|.008222|
6|1048576|2|1009|.006348|
6|1048576|2|1009|.007966|
6|1048576|2|1009|.007678|
6|1048576|2|32749|.004139|
6|1048576|2|32749|.004201|
6|1048576|2|32749|.004217|
6|1048576|2|32749|.013195|
6|1048576|2|32749|.01268|
6|1048576|10|11|.015174|
6|1048576|10|11|.01572|
6|1048576|10|11|.017749|
6|1048576|10|11|.014016|
6|1048576|10|11|.014986|
6|1048576|10|101|.01936|
6|1048576|10|101|.018064|
6|1048576|10|101|.016997|
6|1048576|10|101|.017626|
6|1048576|10|101|.017081|
6|1048576|10|1009|.015963|
6|1048576|10|1009|.022618|
6|1048576|10|1009|.01643|
6|1048576|10|1009|.015304|
6|1048576|10|1009|.019584|
6|1048576|10|32749|.011689|
6|1048576|10|32749|.019378|
6|1048576|10|32749|.021503|
6|1048576|10|32749|.020861|
6|1048576|10|32749|.018747|
6|1048576|18|11|.015426|
6|1048576|18|11|.015622|
6|1048576|18|11|.015174|
6|1048576|18|11|.012433|
6|1048576|18|11|.014663|
6|1048576|18|101|.0165|
6|1048576|18|101|.019535|
6|1048576|18|101|.016777|
6|1048576|18|101|.016431|
6|1048576|18|101|.018407|
6|1048576|18|1009|.018221|
6|1048576|18|1009|.018474|
6|1048576|18|1009|.018951|
6|1048576|18|1009|.014994|
6|1048576|18|1009|.017582|
6|1048576|18|32749|.018814|
6|1048576|18|32749|.018286|
6|1048576|18|32749|.019301|
6|1048576|18|32749|.020123|
6|1048576|18|32749|.020849|
7|16|2|11|.007647|
7|16|2|11|.003297|
7|16|2|11|.003452|
7|16|2|11|.004208|
7|16|2|11|.01859|
7|16|2|101|.00529|
7|16|2|101|.01189|
7|16|2|101|.007506|
7|16|2|101|.010084|
7|16|2|101|.008888|
7|16|2|1009|.002946|
7|16|2|1009|.015122|
7|16|2|1009|.006147|
7|16|2|1009|.012486|
7|16|2|1009|.023996|
7|16|2|32749|.011354|
7|16|2|32749|.010695|
7|16|2|32749|.01989|
7|16|2|32749|.009294|
7|16|2|32749|.018283|
7|16|10|11|.031574|
7|16|10|11|.030122|
7|16|10|11|.034834|
7|16|10|11|.034622|
7|16|10|11|.032335|
7|16|10|101|.029881|
7|16|10|101|.033794|
7|16|10|101|.034249|
7|16|10|101|.037802|
7|16|10|101|.018545|
7|16|10|1009|.026014|
7|16|10|1009|.040631|
7|16|10|1009|.025239|
7|16|10|1009|.031561|
7|16|10|1009|.033128|
7|16|10|32749|.033002|
7|16|10|32749|.039235|
7|16|10|32749|.03414|
7|16|10|32749|.039354|
7|16|10|32749|.020548|
7|16|18|11|.01847|
7|16|18|11|.02963|
7|16|18|11|.03325|
7|16|18|11|.032044|
7|16|18|11|.033343|
7|16|18|101|.025476|
7|16|18|101|.038894|
7|16|18|101|.014245|
7|16|18|101|.017025|
7|16|18|101|.031443|
7|16|18|1009|.03482|
7|16|18|1009|.035767|
7|16|18|1009|.026612|
7|16|18|1009|.035854|
7|16|18|1009|.035233|
7|16|18|32749|.036967|
7|16|18|32749|.038296|
7|16|18|32749|.038542|
7|16|18|32749|.040166|
7|16|18|32749|.039785|
7|256|2|11|.007755|
7|256|2|11|.014639|
7|256|2|11|.009955|
7|256|2|11|.020083|
7|256|2|11|.016964|
7|256|2|101|.005229|
7|256|2|101|.02289|
7|256|2|101|.012835|
7|256|2|101|.006633|
7|256|2|101|.010917|
7|256|2|1009|.013356|
7|256|2|1009|.008809|
7|256|2|1009|.011091|
7|256|2|1009|.004279|
7|256|2|1009|.016833|
7|256|2|32749|.009745|
7|256|2|32749|.024878|
7|256|2|32749|.005064|
7|256|2|32749|.015109|
7|256|2|32749|.017749|
7|256|10|11|.034137|
7|256|10|11|.034622|
7|256|10|11|.016871|
7|256|10|11|.015521|
7|256|10|11|.033025|
7|256|10|101|.032113|
7|256|10|101|.017803|
7|256|10|101|.034411|
7|256|10|101|.041657|
7|256|10|101|.033991|
7|256|10|1009|.034491|
7|256|10|1009|.033692|
7|256|10|1009|.032176|
7|256|10|1009|.03585|
7|256|10|1009|.017042|
7|256|10|32749|.02138|
7|256|10|32749|.021471|
7|256|10|32749|.021462|
7|256|10|32749|.034117|
7|256|10|32749|.020821|
7|256|18|11|.015884|
7|256|18|11|.01182|
7|256|18|11|.013333|
7|256|18|11|.014974|
7|256|18|11|.015838|
7|256|18|101|.015623|
7|256|18|101|.016668|
7|256|18|101|.014012|
7|256|18|101|.016002|
7|256|18|101|.01491|
7|256|18|1009|.015995|
7|256|18|1009|.015652|
7|256|18|1009|.031404|
7|256|18|1009|.036589|
7|256|18|1009|.03379|
7|256|18|32749|.036898|
7|256|18|32749|.035982|
7|256|18|32749|.013404|
7|256|18|32749|.024185|
7|256|18|32749|.020755|
7|4096|2|11|.004987|
7|4096|2|11|.004631|
7|4096|2|11|.003891|
7|4096|2|11|.01057|
7|4096|2|11|.00526|
7|4096|2|101|.015011|
7|4096|2|101|.005965|
7|4096|2|101|.005687|
7|4096|2|101|.012873|
7|4096|2|101|.005244|
7|4096|2|1009|.007919|
7|4096|2|1009|.009838|
7|4096|2|1009|.009706|
7|4096|2|1009|.007705|
7|4096|2|1009|.003315|
7|4096|2|32749|.011336|
7|4096|2|32749|.006396|
7|4096|2|32749|.011391|
7|4096|2|32749|.006637|
7|4096|2|32749|.006646|
7|4096|10|11|.032716|
7|4096|10|11|.024401|
7|4096|10|11|.014422|
7|4096|10|11|.014753|
7|4096|10|11|.031945|
7|4096|10|101|.017778|
7|4096|10|101|.035351|
7|4096|10|101|.023644|
7|4096|10|101|.017637|
7|4096|10|101|.035704|
7|4096|10|1009|.019856|
7|4096|10|1009|.022461|
7|4096|10|1009|.016962|
7|4096|10|1009|.016709|
7|4096|10|1009|.017209|
7|4096|10|32749|.014315|
7|4096|10|32749|.038074|
7|4096|10|32749|.018629|
7|4096|10|32749|.017229|
7|4096|10|32749|.014509|
7|4096|18|11|.014375|
7|4096|18|11|.016488|
7|4096|18|11|.016131|
7|4096|18|11|.011183|
7|4096|18|11|.01118|
7|4096|18|101|.016158|
7|4096|18|101|.015828|
7|4096|18|101|.034872|
7|4096|18|101|.014612|
7|4096|18|101|.015167|
7|4096|18|1009|.016753|
7|4096|18|1009|.036039|
7|4096|18|1009|.017456|
7|4096|18|1009|.017508|
7|4096|18|1009|.01206|
7|4096|18|32749|.016975|
7|4096|18|32749|.020261|
7|4096|18|32749|.01909|
7|4096|18|32749|.0397|
7|4096|18|32749|.027294|
7|65536|2|11|.00359|
7|65536|2|11|.00353|
7|65536|2|11|.004286|
7|65536|2|11|.00612|
7|65536|2|11|.004446|
7|65536|2|101|.007523|
7|65536|2|101|.010963|
7|65536|2|101|.016714|
7|65536|2|101|.011467|
7|65536|2|101|.004479|
7|65536|2|1009|.006063|
7|65536|2|1009|.005716|
7|65536|2|1009|.012308|
7|65536|2|1009|.006048|
7|65536|2|1009|.007411|
7|65536|2|32749|.01277|
7|65536|2|32749|.006087|
7|65536|2|32749|.006101|
7|65536|2|32749|.006398|
7|65536|2|32749|.006307|
7|65536|10|11|.013909|
7|65536|10|11|.032336|
7|65536|10|11|.013369|
7|65536|10|11|.034749|
7|65536|10|11|.018301|
7|65536|10|101|.038788|
7|65536|10|101|.018699|
7|65536|10|101|.018746|
7|65536|10|101|.031878|
7|65536|10|101|.014147|
7|65536|10|1009|.012214|
7|65536|10|1009|.014588|
7|65536|10|1009|.034064|
7|65536|10|1009|.017227|
7|65536|10|1009|.018045|
7|65536|10|32749|.019953|
7|65536|10|32749|.016893|
7|65536|10|32749|.01598|
7|65536|10|32749|.016738|
7|65536|10|32749|.042671|
7|65536|18|11|.0161|
7|65536|18|11|.024312|
7|65536|18|11|.026508|
7|65536|18|11|.010155|
7|65536|18|11|.010173|
7|65536|18|101|.016528|
7|65536|18|101|.036681|
7|65536|18|101|.012264|
7|65536|18|101|.010844|
7|65536|18|101|.012864|
7|65536|18|1009|.033854|
7|65536|18|1009|.017164|
7|65536|18|1009|.017637|
7|65536|18|1009|.019949|
7|65536|18|1009|.019976|
7|65536|18|32749|.019094|
7|65536|18|32749|.012197|
7|65536|18|32749|.015332|
7|65536|18|32749|.013523|
7|65536|18|32749|.012241|
7|1048576|2|11|.005341|
7|1048576|2|11|.007634|
7|1048576|2|11|.005905|
7|1048576|2|11|.015516|
7|1048576|2|11|.005884|
7|1048576|2|101|.014793|
7|1048576|2|101|.015072|
7|1048576|2|101|.005601|
7|1048576|2|101|.003534|
7|1048576|2|101|.006925|
7|1048576|2|1009|.008122|
7|1048576|2|1009|.020871|
7|1048576|2|1009|.010806|
7|1048576|2|1009|.004901|
7|1048576|2|1009|.008054|
7|1048576|2|32749|.009202|
7|1048576|2|32749|.009628|
7|1048576|2|32749|.003215|
7|1048576|2|32749|.004073|
7|1048576|2|32749|.010052|
7|1048576|10|11|.013181|
7|1048576|10|11|.013182|
7|1048576|10|11|.018522|
7|1048576|10|11|.017143|
7|1048576|10|11|.017207|
7|1048576|10|101|.010213|
7|1048576|10|101|.010885|
7|1048576|10|101|.010014|
7|1048576|10|101|.025557|
7|1048576|10|101|.015581|
7|1048576|10|1009|.019751|
7|1048576|10|1009|.019787|
7|1048576|10|1009|.020341|
7|1048576|10|1009|.020683|
7|1048576|10|1009|.014677|
7|1048576|10|32749|.015797|
7|1048576|10|32749|.013631|
7|1048576|10|32749|.013196|
7|1048576|10|32749|.016672|
7|1048576|10|32749|.015271|
7|1048576|18|11|.015304|
7|1048576|18|11|.015019|
7|1048576|18|11|.012738|
7|1048576|18|11|.014503|
7|1048576|18|11|.015642|
7|1048576|18|101|.016409|
7|1048576|18|101|.01631|
7|1048576|18|101|.017352|
7|1048576|18|101|.017474|
7|1048576|18|101|.01748|
7|1048576|18|1009|.019202|
7|1048576|18|1009|.01407|
7|1048576|18|1009|.012227|
7|1048576|18|1009|.012704|
7|1048576|18|1009|.033796|
7|1048576|18|32749|.019188|
7|1048576|18|32749|.019875|
7|1048576|18|32749|.01924|
7|1048576|18|32749|.020053|
7|1048576|18|32749|.01451|
8|16|2|11|.004227|
8|16|2|11|.009967|
8|16|2|11|.016511|
8|16|2|11|.016503|
8|16|2|11|.011393|
8|16|2|101|.010053|
8|16|2|101|.010075|
8|16|2|101|.024208|
8|16|2|101|.023159|
8|16|2|101|.002744|
8|16|2|1009|.006681|
8|16|2|1009|.006665|
8|16|2|1009|.014773|
8|16|2|1009|.023308|
8|16|2|1009|.03068|
8|16|2|32749|.013462|
8|16|2|32749|.011312|
8|16|2|32749|.011819|
8|16|2|32749|.029645|
8|16|2|32749|.009123|
8|16|10|11|.02381|
8|16|10|11|.025456|
8|16|10|11|.052917|
8|16|10|11|.02684|
8|16|10|11|.035563|
8|16|10|101|.029019|
8|16|10|101|.0301|
8|16|10|101|.033449|
8|16|10|101|.02877|
8|16|10|101|.024676|
8|16|10|1009|.024109|
8|16|10|1009|.034179|
8|16|10|1009|.0398|
8|16|10|1009|.036449|
8|16|10|1009|.035905|
8|16|10|32749|.037788|
8|16|10|32749|.024898|
8|16|10|32749|.022237|
8|16|10|32749|.023606|
8|16|10|32749|.030244|
8|16|18|11|.028037|
8|16|18|11|.023709|
8|16|18|11|.022784|
8|16|18|11|.029376|
8|16|18|11|.03023|
8|16|18|101|.023655|
8|16|18|101|.022652|
8|16|18|101|.023055|
8|16|18|101|.021732|
8|16|18|101|.020478|
8|16|18|1009|.026629|
8|16|18|1009|.026648|
8|16|18|1009|.030275|
8|16|18|1009|.032162|
8|16|18|1009|.028239|
8|16|18|32749|.021904|
8|16|18|32749|.030189|
8|16|18|32749|.031626|
8|16|18|32749|.034696|
8|16|18|32749|.036182|
8|256|2|11|.005493|
8|256|2|11|.008208|
8|256|2|11|.00994|
8|256|2|11|.002674|
8|256|2|11|.00633|
8|256|2|101|.007483|
8|256|2|101|.019882|
8|256|2|101|.009843|
8|256|2|101|.016753|
8|256|2|101|.005886|
8|256|2|1009|.005195|
8|256|2|1009|.003592|
8|256|2|1009|.008581|
8|256|2|1009|.017034|
8|256|2|1009|.046506|
8|256|2|32749|.007148|
8|256|2|32749|.00771|
8|256|2|32749|.020656|
8|256|2|32749|.004679|
8|256|2|32749|.004495|
8|256|10|11|.033646|
8|256|10|11|.024816|
8|256|10|11|.022409|
8|256|10|11|.021066|
8|256|10|11|.023981|
8|256|10|101|.018086|
8|256|10|101|.021384|
8|256|10|101|.030788|
8|256|10|101|.034702|
8|256|10|101|.031151|
8|256|10|1009|.033795|
8|256|10|1009|.032482|
8|256|10|1009|.034137|
8|256|10|1009|.038526|
8|256|10|1009|.033465|
8|256|10|32749|.078828|
8|256|10|32749|.040116|
8|256|10|32749|.031946|
8|256|10|32749|.045399|
8|256|10|32749|.027788|
8|256|18|11|.025899|
8|256|18|11|.03099|
8|256|18|11|.028814|
8|256|18|11|.023799|
8|256|18|11|.023764|
8|256|18|101|.049419|
8|256|18|101|.035555|
8|256|18|101|.033281|
8|256|18|101|.022834|
8|256|18|101|.023284|
8|256|18|1009|.018389|
8|256|18|1009|.026045|
8|256|18|1009|.032683|
8|256|18|1009|.035615|
8|256|18|1009|.031102|
8|256|18|32749|.034608|
8|256|18|32749|.023119|
8|256|18|32749|.026945|
8|256|18|32749|.024986|
8|256|18|32749|.032403|
8|4096|2|11|.007811|
8|4096|2|11|.006853|
8|4096|2|11|.008725|
8|4096|2|11|.009054|
8|4096|2|11|.006116|
8|4096|2|101|.008668|
8|4096|2|101|.008763|
8|4096|2|101|.010729|
8|4096|2|101|.00452|
8|4096|2|101|.012999|
8|4096|2|1009|.017595|
8|4096|2|1009|.013699|
8|4096|2|1009|.01366|
8|4096|2|1009|.01082|
8|4096|2|1009|.009676|
8|4096|2|32749|.011569|
8|4096|2|32749|.012383|
8|4096|2|32749|.011385|
8|4096|2|32749|.03613|
8|4096|2|32749|.020328|
8|4096|10|11|.029914|
8|4096|10|11|.033929|
8|4096|10|11|.021601|
8|4096|10|11|.019879|
8|4096|10|11|.018108|
8|4096|10|101|.029472|
8|4096|10|101|.026099|
8|4096|10|101|.03725|
8|4096|10|101|.041696|
8|4096|10|101|.041746|
8|4096|10|1009|.023845|
8|4096|10|1009|.023732|
8|4096|10|1009|.02615|
8|4096|10|1009|.026316|
8|4096|10|1009|.078834|
8|4096|10|32749|.029912|
8|4096|10|32749|.030604|
8|4096|10|32749|.031207|
8|4096|10|32749|.042492|
8|4096|10|32749|.027541|
8|4096|18|11|.022082|
8|4096|18|11|.022154|
8|4096|18|11|.062893|
8|4096|18|11|.027687|
8|4096|18|11|.029822|
8|4096|18|101|.032607|
8|4096|18|101|.034741|
8|4096|18|101|.033798|
8|4096|18|101|.023264|
8|4096|18|101|.020969|
8|4096|18|1009|.023049|
8|4096|18|1009|.066042|
8|4096|18|1009|.029122|
8|4096|18|1009|.031877|
8|4096|18|1009|.035271|
8|4096|18|32749|.057274|
8|4096|18|32749|.03182|
8|4096|18|32749|.022992|
8|4096|18|32749|.026682|
8|4096|18|32749|.028618|
8|65536|2|11|.009607|
8|65536|2|11|.010129|
8|65536|2|11|.012991|
8|65536|2|11|.006376|
8|65536|2|11|.005875|
8|65536|2|101|.009163|
8|65536|2|101|.008019|
8|65536|2|101|.005682|
8|65536|2|101|.009722|
8|65536|2|101|.013352|
8|65536|2|1009|.007344|
8|65536|2|1009|.008499|
8|65536|2|1009|.005113|
8|65536|2|1009|.006187|
8|65536|2|1009|.020041|
8|65536|2|32749|.011137|
8|65536|2|32749|.022798|
8|65536|2|32749|.010084|
8|65536|2|32749|.012417|
8|65536|2|32749|.030419|
8|65536|10|11|.025466|
8|65536|10|11|.028027|
8|65536|10|11|.059608|
8|65536|10|11|.031054|
8|65536|10|11|.023652|
8|65536|10|101|.016529|
8|65536|10|101|.020044|
8|65536|10|101|.032818|
8|65536|10|101|.034385|
8|65536|10|101|.039093|
8|65536|10|1009|.040121|
8|65536|10|1009|.031233|
8|65536|10|1009|.029067|
8|65536|10|1009|.028912|
8|65536|10|1009|.027204|
8|65536|10|32749|.030948|
8|65536|10|32749|.038171|
8|65536|10|32749|.044889|
8|65536|10|32749|.030723|
8|65536|10|32749|.030251|
8|65536|18|11|.030338|
8|65536|18|11|.028395|
8|65536|18|11|.073337|
8|65536|18|11|.019577|
8|65536|18|11|.024009|
8|65536|18|101|.023407|
8|65536|18|101|.049286|
8|65536|18|101|.035729|
8|65536|18|101|.030446|
8|65536|18|101|.030461|
8|65536|18|1009|.024316|
8|65536|18|1009|.020687|
8|65536|18|1009|.02271|
8|65536|18|1009|.025938|
8|65536|18|1009|.097499|
8|65536|18|32749|.033025|
8|65536|18|32749|.033073|
8|65536|18|32749|.034519|
8|65536|18|32749|.078448|
8|65536|18|32749|.021855|
8|1048576|2|11|.007581|
8|1048576|2|11|.019916|
8|1048576|2|11|.005122|
8|1048576|2|11|.013797|
8|1048576|2|11|.013656|
8|1048576|2|101|.010337|
8|1048576|2|101|.010096|
8|1048576|2|101|.010474|
8|1048576|2|101|.014143|
8|1048576|2|101|.013791|
8|1048576|2|1009|.020618|
8|1048576|2|1009|.009576|
8|1048576|2|1009|.009561|
8|1048576|2|1009|.00921|
8|1048576|2|1009|.016032|
8|1048576|2|32749|.034574|
8|1048576|2|32749|.0071|
8|1048576|2|32749|.006164|
8|1048576|2|32749|.005161|
8|1048576|2|32749|.007975|
8|1048576|10|11|.022024|
8|1048576|10|11|.02251|
8|1048576|10|11|.022455|
8|1048576|10|11|.019863|
8|1048576|10|11|.024837|
8|1048576|10|101|.031959|
8|1048576|10|101|.023653|
8|1048576|10|101|.021428|
8|1048576|10|101|.021738|
8|1048576|10|101|.055335|
8|1048576|10|1009|.026844|
8|1048576|10|1009|.032226|
8|1048576|10|1009|.037021|
8|1048576|10|1009|.037089|
8|1048576|10|1009|.023877|
8|1048576|10|32749|.029183|
8|1048576|10|32749|.026308|
8|1048576|10|32749|.031527|
8|1048576|10|32749|.030647|
8|1048576|10|32749|.028032|
8|1048576|18|11|.026733|
8|1048576|18|11|.016747|
8|1048576|18|11|.020979|
8|1048576|18|11|.027135|
8|1048576|18|11|.03281|
8|1048576|18|101|.030834|
8|1048576|18|101|.074972|
8|1048576|18|101|.074565|
8|1048576|18|101|.027392|
8|1048576|18|101|.027366|
8|1048576|18|1009|.089376|
8|1048576|18|1009|.024938|
8|1048576|18|1009|.027758|
8|1048576|18|1009|.07141|
8|1048576|18|1009|.019079|
8|1048576|18|32749|.025516|
8|1048576|18|32749|.078843|
8|1048576|18|32749|.057836|
8|1048576|18|32749|.037702|
8|1048576|18|32749|.034283|
9|16|2|11|.017617|
9|16|2|11|.027264|
9|16|2|11|.020462|
9|16|2|11|.037702|
9|16|2|11|.027428|
9|16|2|101|.015864|
9|16|2|101|.028224|
9|16|2|101|.013923|
9|16|2|101|.014167|
9|16|2|101|.013914|
9|16|2|1009|.015122|
9|16|2|1009|.01195|
9|16|2|1009|.052342|
9|16|2|1009|.047255|
9|16|2|1009|.024138|
9|16|2|32749|.006744|
9|16|2|32749|.018393|
9|16|2|32749|.026751|
9|16|2|32749|.027883|
9|16|2|32749|.026335|
9|16|10|11|.054374|
9|16|10|11|.062356|
9|16|10|11|.041355|
9|16|10|11|.035717|
9|16|10|11|.044517|
9|16|10|101|.14014|
9|16|10|101|.060141|
9|16|10|101|.095621|
9|16|10|101|.062635|
9|16|10|101|.061836|
9|16|10|1009|.090591|
9|16|10|1009|.04193|
9|16|10|1009|.037214|
9|16|10|1009|.04984|
9|16|10|1009|.046721|
9|16|10|32749|.043772|
9|16|10|32749|.066508|
9|16|10|32749|.05447|
9|16|10|32749|.05812|
9|16|10|32749|.116019|
9|16|18|11|.039702|
9|16|18|11|.042925|
9|16|18|11|.111067|
9|16|18|11|.053923|
9|16|18|11|.051964|
9|16|18|101|.057384|
9|16|18|101|.062748|
9|16|18|101|.060336|
9|16|18|101|.063153|
9|16|18|101|.042283|
9|16|18|1009|.04207|
9|16|18|1009|.120186|
9|16|18|1009|.060164|
9|16|18|1009|.123533|
9|16|18|1009|.054213|
9|16|18|32749|.065135|
9|16|18|32749|.065256|
9|16|18|32749|.0413|
9|16|18|32749|.04741|
9|16|18|32749|.138551|
9|256|2|11|.018068|
9|256|2|11|.017855|
9|256|2|11|.018923|
9|256|2|11|.01869|
9|256|2|11|.02749|
9|256|2|101|.013472|
9|256|2|101|.021233|
9|256|2|101|.017591|
9|256|2|101|.016945|
9|256|2|101|.015942|
9|256|2|1009|.018175|
9|256|2|1009|.007104|
9|256|2|1009|.007135|
9|256|2|1009|.011812|
9|256|2|1009|.009735|
9|256|2|32749|.015708|
9|256|2|32749|.010651|
9|256|2|32749|.013923|
9|256|2|32749|.015458|
9|256|2|32749|.017027|
9|256|10|11|.060934|
9|256|10|11|.054019|
9|256|10|11|.054243|
9|256|10|11|.054177|
9|256|10|11|.048597|
9|256|10|101|.05605|
9|256|10|101|.059655|
9|256|10|101|.046218|
9|256|10|101|.044933|
9|256|10|101|.050587|
9|256|10|1009|.055356|
9|256|10|1009|.068819|
9|256|10|1009|.074301|
9|256|10|1009|.059015|
9|256|10|1009|.042216|
9|256|10|32749|.068184|
9|256|10|32749|.066693|
9|256|10|32749|.066166|
9|256|10|32749|.107469|
9|256|10|32749|.086639|
9|256|18|11|.054147|
9|256|18|11|.055302|
9|256|18|11|.057647|
9|256|18|11|.036511|
9|256|18|11|.058682|
9|256|18|101|.059525|
9|256|18|101|.052443|
9|256|18|101|.058051|
9|256|18|101|.110375|
9|256|18|101|.056596|
9|256|18|1009|.105087|
9|256|18|1009|.057511|
9|256|18|1009|.058259|
9|256|18|1009|.05448|
9|256|18|1009|.049037|
9|256|18|32749|.075773|
9|256|18|32749|.075431|
9|256|18|32749|.070262|
9|256|18|32749|.175518|
9|256|18|32749|.045864|
9|4096|2|11|.027514|
9|4096|2|11|.037771|
9|4096|2|11|.011841|
9|4096|2|11|.00842|
9|4096|2|11|.008317|
9|4096|2|101|.057595|
9|4096|2|101|.01307|
9|4096|2|101|.013151|
9|4096|2|101|.011382|
9|4096|2|101|.008379|
9|4096|2|1009|.078948|
9|4096|2|1009|.069939|
9|4096|2|1009|.038898|
9|4096|2|1009|.040129|
9|4096|2|1009|.046861|
9|4096|2|32749|.016601|
9|4096|2|32749|.033382|
9|4096|2|32749|.042708|
9|4096|2|32749|.010181|
9|4096|2|32749|.039281|
9|4096|10|11|.14662|
9|4096|10|11|.061038|
9|4096|10|11|.042718|
9|4096|10|11|.047971|
9|4096|10|11|.047086|
9|4096|10|101|.076945|
9|4096|10|101|.063167|
9|4096|10|101|.12195|
9|4096|10|101|.055975|
9|4096|10|101|.066874|
9|4096|10|1009|.069543|
9|4096|10|1009|.11016|
9|4096|10|1009|.070625|
9|4096|10|1009|.124173|
9|4096|10|1009|.109167|
9|4096|10|32749|.077837|
9|4096|10|32749|.048608|
9|4096|10|32749|.099137|
9|4096|10|32749|.058355|
9|4096|10|32749|.067514|
9|4096|18|11|.069066|
9|4096|18|11|.070716|
9|4096|18|11|.047637|
9|4096|18|11|.111272|
9|4096|18|11|.037767|
9|4096|18|101|.050798|
9|4096|18|101|.07036|
9|4096|18|101|.048999|
9|4096|18|101|.078467|
9|4096|18|101|.057181|
9|4096|18|1009|.108924|
9|4096|18|1009|.059354|
9|4096|18|1009|.041115|
9|4096|18|1009|.121042|
9|4096|18|1009|.050174|
9|4096|18|32749|.06826|
9|4096|18|32749|.046788|
9|4096|18|32749|.064439|
9|4096|18|32749|.103077|
9|4096|18|32749|.07121|
9|65536|2|11|.022699|
9|65536|2|11|.010307|
9|65536|2|11|.010197|
9|65536|2|11|.007482|
9|65536|2|11|.011604|
9|65536|2|101|.04653|
9|65536|2|101|.023143|
9|65536|2|101|.018086|
9|65536|2|101|.019365|
9|65536|2|101|.031028|
9|65536|2|1009|.02795|
9|65536|2|1009|.04454|
9|65536|2|1009|.008375|
9|65536|2|1009|.008287|
9|65536|2|1009|.021009|
9|65536|2|32749|.016983|
9|65536|2|32749|.006013|
9|65536|2|32749|.015997|
9|65536|2|32749|.07314|
9|65536|2|32749|.050625|
9|65536|10|11|.057059|
9|65536|10|11|.107856|
9|65536|10|11|.120572|
9|65536|10|11|.041732|
9|65536|10|11|.038956|
9|65536|10|101|.100356|
9|65536|10|101|.11347|
9|65536|10|101|.133096|
9|65536|10|101|.067297|
9|65536|10|101|.0442|
9|65536|10|1009|.10944|
9|65536|10|1009|.124419|
9|65536|10|1009|.111844|
9|65536|10|1009|.063102|
9|65536|10|1009|.052351|
9|65536|10|32749|.06889|
9|65536|10|32749|.076593|
9|65536|10|32749|.085081|
9|65536|10|32749|.142341|
9|65536|10|32749|.065926|
9|65536|18|11|.070124|
9|65536|18|11|.087651|
9|65536|18|11|.056088|
9|65536|18|11|.055518|
9|65536|18|11|.077574|
9|65536|18|101|.061922|
9|65536|18|101|.06508|
9|65536|18|101|.070231|
9|65536|18|101|.097277|
9|65536|18|101|.060035|
9|65536|18|1009|.122769|
9|65536|18|1009|.056714|
9|65536|18|1009|.10038|
9|65536|18|1009|.124163|
9|65536|18|1009|.050619|
9|65536|18|32749|.069023|
9|65536|18|32749|.106143|
9|65536|18|32749|.128739|
9|65536|18|32749|.068506|
9|65536|18|32749|.064991|
9|1048576|2|11|.020021|
9|1048576|2|11|.010008|
9|1048576|2|11|.008929|
9|1048576|2|11|.051385|
9|1048576|2|11|.050924|
9|1048576|2|101|.027084|
9|1048576|2|101|.029897|
9|1048576|2|101|.024012|
9|1048576|2|101|.057122|
9|1048576|2|101|.016932|
9|1048576|2|1009|.023167|
9|1048576|2|1009|.006869|
9|1048576|2|1009|.005181|
9|1048576|2|1009|.021521|
9|1048576|2|1009|.013297|
9|1048576|2|32749|.021|
9|1048576|2|32749|.027622|
9|1048576|2|32749|.005317|
9|1048576|2|32749|.018444|
9|1048576|2|32749|.042441|
9|1048576|10|11|.070138|
9|1048576|10|11|.116624|
9|1048576|10|11|.073401|
9|1048576|10|11|.108526|
9|1048576|10|11|.052924|
9|1048576|10|101|.051527|
9|1048576|10|101|.046348|
9|1048576|10|101|.041825|
9|1048576|10|101|.14244|
9|1048576|10|101|.064121|
9|1048576|10|1009|.070385|
9|1048576|10|1009|.100717|
9|1048576|10|1009|.119962|
9|1048576|10|1009|.126512|
9|1048576|10|1009|.044046|
9|1048576|10|32749|.080212|
9|1048576|10|32749|.109974|
9|1048576|10|32749|.056218|
9|1048576|10|32749|.086404|
9|1048576|10|32749|.075784|
9|1048576|18|11|.046895|
9|1048576|18|11|.086233|
9|1048576|18|11|.055761|
9|1048576|18|11|.05122|
9|1048576|18|11|.051356|
9|1048576|18|101|.053238|
9|1048576|18|101|.093676|
9|1048576|18|101|.055294|
9|1048576|18|101|.099221|
9|1048576|18|101|.101261|
9|1048576|18|1009|.048177|
9|1048576|18|1009|.087697|
9|1048576|18|1009|.138305|
9|1048576|18|1009|.05778|
9|1048576|18|1009|.059196|
9|1048576|18|32749|.051158|
9|1048576|18|32749|.127283|
9|1048576|18|32749|.060272|
9|1048576|18|32749|.096492|
9|1048576|18|32749|.059701|
10|16|2|11|.05081|
10|16|2|11|.035028|
10|16|2|11|.113205|
10|16|2|11|.025068|
10|16|2|11|.018813|
10|16|2|101|.050428|
10|16|2|101|.071057|
10|16|2|101|.073036|
10|16|2|101|.015634|
10|16|2|101|.045832|
10|16|2|1009|.04547|
10|16|2|1009|.03878|
10|16|2|1009|.035143|
10|16|2|1009|.018657|
10|16|2|1009|.0544|
10|16|2|32749|.031317|
10|16|2|32749|.015729|
10|16|2|32749|.039554|
10|16|2|32749|.058699|
10|16|2|32749|.080449|
10|16|10|11|.192557|
10|16|10|11|.159398|
10|16|10|11|.10208|
10|16|10|11|.144975|
10|16|10|11|.10149|
10|16|10|101|.093375|
10|16|10|101|.25683|
10|16|10|101|.092661|
10|16|10|101|.14511|
10|16|10|101|.232078|
10|16|10|1009|.104738|
10|16|10|1009|.228436|
10|16|10|1009|.111403|
10|16|10|1009|.141811|
10|16|10|1009|.093525|
10|16|10|32749|.202789|
10|16|10|32749|.128609|
10|16|10|32749|.151395|
10|16|10|32749|.180806|
10|16|10|32749|.115708|
10|16|18|11|.053652|
10|16|18|11|.195423|
10|16|18|11|.169825|
10|16|18|11|.162197|
10|16|18|11|.177135|
10|16|18|101|.16298|
10|16|18|101|.217383|
10|16|18|101|.082624|
10|16|18|101|.2111|
10|16|18|101|.13142|
10|16|18|1009|.07571|
10|16|18|1009|.09499|
10|16|18|1009|.089096|
10|16|18|1009|.146284|
10|16|18|1009|.179019|
10|16|18|32749|.129823|
10|16|18|32749|.202813|
10|16|18|32749|.201626|
10|16|18|32749|.145845|
10|16|18|32749|.12187|
10|256|2|11|.021286|
10|256|2|11|.089346|
10|256|2|11|.059339|
10|256|2|11|.074119|
10|256|2|11|.073843|
10|256|2|101|.023166|
10|256|2|101|.023005|
10|256|2|101|.037767|
10|256|2|101|.027483|
10|256|2|101|.04888|
10|256|2|1009|.053768|
10|256|2|1009|.07095|
10|256|2|1009|.084924|
10|256|2|1009|.021219|
10|256|2|1009|.054967|
10|256|2|32749|.098432|
10|256|2|32749|.069346|
10|256|2|32749|.016547|
10|256|2|32749|.016254|
10|256|2|32749|.087899|
10|256|10|11|.163774|
10|256|10|11|.082248|
10|256|10|11|.097401|
10|256|10|11|.196505|
10|256|10|11|.092423|
10|256|10|101|.099503|
10|256|10|101|.160094|
10|256|10|101|.114942|
10|256|10|101|.206056|
10|256|10|101|.114483|
10|256|10|1009|.144542|
10|256|10|1009|.147709|
10|256|10|1009|.11879|
10|256|10|1009|.182119|
10|256|10|1009|.101638|
10|256|10|32749|.189912|
10|256|10|32749|.088586|
10|256|10|32749|.241905|
10|256|10|32749|.182105|
10|256|10|32749|.207178|
10|256|18|11|.119022|
10|256|18|11|.137201|
10|256|18|11|.118617|
10|256|18|11|.129554|
10|256|18|11|.170385|
10|256|18|101|.177009|
10|256|18|101|.162644|
10|256|18|101|.140929|
10|256|18|101|.224978|
10|256|18|101|.099638|
10|256|18|1009|.132282|
10|256|18|1009|.191409|
10|256|18|1009|.138495|
10|256|18|1009|.092163|
10|256|18|1009|.150774|
10|256|18|32749|.111224|
10|256|18|32749|.094778|
10|256|18|32749|.171634|
10|256|18|32749|.194686|
10|256|18|32749|.246789|
10|4096|2|11|.044741|
10|4096|2|11|.089998|
10|4096|2|11|.07545|
10|4096|2|11|.032726|
10|4096|2|11|.024226|
10|4096|2|101|.088253|
10|4096|2|101|.019229|
10|4096|2|101|.030873|
10|4096|2|101|.096143|
10|4096|2|101|.029544|
10|4096|2|1009|.024925|
10|4096|2|1009|.028217|
10|4096|2|1009|.099187|
10|4096|2|1009|.0523|
10|4096|2|1009|.088414|
10|4096|2|32749|.051653|
10|4096|2|32749|.084209|
10|4096|2|32749|.020887|
10|4096|2|32749|.060498|
10|4096|2|32749|.121315|
10|4096|10|11|.168808|
10|4096|10|11|.08745|
10|4096|10|11|.217824|
10|4096|10|11|.1004|
10|4096|10|11|.220198|
10|4096|10|101|.053662|
10|4096|10|101|.158544|
10|4096|10|101|.117649|
10|4096|10|101|.196574|
10|4096|10|101|.179795|
10|4096|10|1009|.115196|
10|4096|10|1009|.242196|
10|4096|10|1009|.141171|
10|4096|10|1009|.088302|
10|4096|10|1009|.099077|
10|4096|10|32749|.095125|
10|4096|10|32749|.136408|
10|4096|10|32749|.267814|
10|4096|10|32749|.167619|
10|4096|10|32749|.16752|
10|4096|18|11|.109858|
10|4096|18|11|.080413|
10|4096|18|11|.056362|
10|4096|18|11|.162237|
10|4096|18|11|.144567|
10|4096|18|101|.192323|
10|4096|18|101|.18655|
10|4096|18|101|.138051|
10|4096|18|101|.168102|
10|4096|18|101|.110769|
10|4096|18|1009|.110617|
10|4096|18|1009|.193418|
10|4096|18|1009|.186311|
10|4096|18|1009|.131063|
10|4096|18|1009|.199001|
10|4096|18|32749|.187066|
10|4096|18|32749|.177987|
10|4096|18|32749|.198608|
10|4096|18|32749|.242854|
10|4096|18|32749|.211344|
10|65536|2|11|.067994|
10|65536|2|11|.02656|
10|65536|2|11|.026519|
10|65536|2|11|.029281|
10|65536|2|11|.040984|
10|65536|2|101|.058736|
10|65536|2|101|.014353|
10|65536|2|101|.188796|
10|65536|2|101|.026868|
10|65536|2|101|.100091|
10|65536|2|1009|.032978|
10|65536|2|1009|.032885|
10|65536|2|1009|.042924|
10|65536|2|1009|.065819|
10|65536|2|1009|.033497|
10|65536|2|32749|.160426|
10|65536|2|32749|.01198|
10|65536|2|32749|.036145|
10|65536|2|32749|.063884|
10|65536|2|32749|.031484|
10|65536|10|11|.117328|
10|65536|10|11|.163653|
10|65536|10|11|.092002|
10|65536|10|11|.145374|
10|65536|10|11|.087213|
10|65536|10|101|.075795|
10|65536|10|101|.09236|
10|65536|10|101|.172491|
10|65536|10|101|.200007|
10|65536|10|101|.155318|
10|65536|10|1009|.094575|
10|65536|10|1009|.199493|
10|65536|10|1009|.122183|
10|65536|10|1009|.185902|
10|65536|10|1009|.135486|
10|65536|10|32749|.140263|
10|65536|10|32749|.219082|
10|65536|10|32749|.223872|
10|65536|10|32749|.232894|
10|65536|10|32749|.092335|
10|65536|18|11|.132382|
10|65536|18|11|.154574|
10|65536|18|11|.117504|
10|65536|18|11|.111736|
10|65536|18|11|.072993|
10|65536|18|101|.125424|
10|65536|18|101|.142633|
10|65536|18|101|.057376|
10|65536|18|101|.079882|
10|65536|18|101|.145835|
10|65536|18|1009|.189387|
10|65536|18|1009|.099045|
10|65536|18|1009|.097705|
10|65536|18|1009|.109075|
10|65536|18|1009|.091907|
10|65536|18|32749|.114077|
10|65536|18|32749|.11415|
10|65536|18|32749|.110245|
10|65536|18|32749|.094615|
10|65536|18|32749|.1165|
10|1048576|2|11|.021378|
10|1048576|2|11|.036042|
10|1048576|2|11|.068009|
10|1048576|2|11|.020023|
10|1048576|2|11|.019937|
10|1048576|2|101|.012493|
10|1048576|2|101|.08698|
10|1048576|2|101|.037346|
10|1048576|2|101|.111864|
10|1048576|2|101|.037867|
10|1048576|2|1009|.038908|
10|1048576|2|1009|.021403|
10|1048576|2|1009|.007912|
10|1048576|2|1009|.020005|
10|1048576|2|1009|.02196|
10|1048576|2|32749|.024748|
10|1048576|2|32749|.08079|
10|1048576|2|32749|.054519|
10|1048576|2|32749|.126174|
10|1048576|2|32749|.013073|
10|1048576|10|11|.149067|
10|1048576|10|11|.079989|
10|1048576|10|11|.17013|
10|1048576|10|11|.09408|
10|1048576|10|11|.16839|
10|1048576|10|101|.264689|
10|1048576|10|101|.159339|
10|1048576|10|101|.083053|
10|1048576|10|101|.17003|
10|1048576|10|101|.101025|
10|1048576|10|1009|.154643|
10|1048576|10|1009|.282361|
10|1048576|10|1009|.108065|
10|1048576|10|1009|.227581|
10|1048576|10|1009|.282128|
10|1048576|10|32749|.117511|
10|1048576|10|32749|.130053|
10|1048576|10|32749|.14526|
10|1048576|10|32749|.141526|
10|1048576|10|32749|.172353|
10|1048576|18|11|.104099|
10|1048576|18|11|.098788|
10|1048576|18|11|.079941|
10|1048576|18|11|.080513|
10|1048576|18|11|.063609|
10|1048576|18|101|.101379|
10|1048576|18|101|.191048|
10|1048576|18|101|.112301|
10|1048576|18|101|.087449|
10|1048576|18|101|.098701|
10|1048576|18|1009|.080884|
10|1048576|18|1009|.075292|
10|1048576|18|1009|.080238|
10|1048576|18|1009|.138073|
10|1048576|18|1009|.110174|
10|1048576|18|32749|.107159|
10|1048576|18|32749|.172608|
10|1048576|18|32749|.156326|
10|1048576|18|32749|.213713|
10|1048576|18|32749|.207773|
7|65536|2|11|.004517|
7|65536|2|11|.003902|
7|65536|2|11|.003895|
7|65536|2|11|.004581|
7|65536|2|11|.004576|
7|65536|2|101|.005112|
7|65536|2|101|.004975|
7|65536|2|101|.004976|
7|65536|2|101|.003093|
7|65536|2|101|.002931|
7|65536|2|1009|.002933|
7|65536|2|1009|.003372|
7|65536|2|1009|.003348|
7|65536|2|1009|.004706|
7|65536|2|1009|.005089|
7|65536|2|32749|.005901|
7|65536|2|32749|.0082|
7|65536|2|32749|.005432|
7|65536|2|32749|.004261|
7|65536|2|32749|.004887|
7|65536|10|11|.011217|
7|65536|10|11|.01136|
7|65536|10|11|.016049|
7|65536|10|11|.014363|
7|65536|10|11|.014305|
7|65536|10|101|.014406|
7|65536|10|101|.013327|
7|65536|10|101|.013804|
7|65536|10|101|.013899|
7|65536|10|101|.013663|
7|65536|10|1009|.016396|
7|65536|10|1009|.017376|
7|65536|10|1009|.017394|
7|65536|10|1009|.015866|
7|65536|10|1009|.014704|
7|65536|10|32749|.013652|
7|65536|10|32749|.015093|
7|65536|10|32749|.01425|
7|65536|10|32749|.017694|
7|65536|10|32749|.012613|
7|65536|18|11|.010111|
7|65536|18|11|.010515|
7|65536|18|11|.011486|
7|65536|18|11|.011498|
7|65536|18|11|.010864|
7|65536|18|101|.013511|
7|65536|18|101|.01166|
7|65536|18|101|.011664|
7|65536|18|101|.01486|
7|65536|18|101|.017237|
7|65536|18|1009|.014098|
7|65536|18|1009|.016395|
7|65536|18|1009|.013736|
7|65536|18|1009|.012476|
7|65536|18|1009|.011958|
7|65536|18|32749|.013267|
7|65536|18|32749|.013461|
7|65536|18|32749|.018138|
7|65536|18|32749|.019949|
7|65536|18|32749|.017396|
11|65536|2|11|.017113|
11|65536|2|11|.032192|
11|65536|2|11|.024436|
11|65536|2|11|.05128|
11|65536|2|11|.039665|
11|65536|2|101|.032478|
11|65536|2|101|.032667|
11|65536|2|101|.024308|
11|65536|2|101|.048886|
11|65536|2|101|.031743|
11|65536|2|1009|.037345|
11|65536|2|1009|.021367|
11|65536|2|1009|.027616|
11|65536|2|1009|.062638|
11|65536|2|1009|.031208|
11|65536|2|32749|.097983|
11|65536|2|32749|.08218|
11|65536|2|32749|.077047|
11|65536|2|32749|.01996|
11|65536|2|32749|.025803|
11|65536|10|11|.108656|
11|65536|10|11|.096999|
11|65536|10|11|.121135|
11|65536|10|11|.106071|
11|65536|10|11|.102797|
11|65536|10|101|.115056|
11|65536|10|101|.134942|
11|65536|10|101|.100447|
11|65536|10|101|.113435|
11|65536|10|101|.125452|
11|65536|10|1009|.136602|
11|65536|10|1009|.100242|
11|65536|10|1009|.127873|
11|65536|10|1009|.105154|
11|65536|10|1009|.127541|
11|65536|10|32749|.134514|
11|65536|10|32749|.139163|
11|65536|10|32749|.136626|
11|65536|10|32749|.137624|
11|65536|10|32749|.156472|
11|65536|18|11|.107201|
11|65536|18|11|.100956|
11|65536|18|11|.090919|
11|65536|18|11|.099107|
11|65536|18|11|.098224|
11|65536|18|101|.093312|
11|65536|18|101|.102372|
11|65536|18|101|.106354|
11|65536|18|101|.108482|
11|65536|18|101|.116064|
11|65536|18|1009|.118327|
11|65536|18|1009|.120952|
11|65536|18|1009|.121279|
11|65536|18|1009|.10507|
11|65536|18|1009|.098284|
11|65536|18|32749|.105533|
11|65536|18|32749|.10829|
11|65536|18|32749|.114975|
11|65536|18|32749|.131718|
11|65536|18|32749|.126092|
12|65536|2|11|.080936|
12|65536|2|11|.021025|
12|65536|2|11|.088265|
12|65536|2|11|.045018|
12|65536|2|11|.079516|
12|65536|2|101|.127333|
12|65536|2|101|.017806|
12|65536|2|101|.031282|
12|65536|2|101|.033008|
12|65536|2|101|.03905|
12|65536|2|1009|.057779|
12|65536|2|1009|.142632|
12|65536|2|1009|.155143|
12|65536|2|1009|.136525|
12|65536|2|1009|.09193|
12|65536|2|32749|.03045|
12|65536|2|32749|.076181|
12|65536|2|32749|.065516|
12|65536|2|32749|.023706|
12|65536|2|32749|.060252|
12|65536|10|11|.160258|
12|65536|10|11|.205746|
12|65536|10|11|.158023|
12|65536|10|11|.165022|
12|65536|10|11|.131092|
12|65536|10|101|.19555|
12|65536|10|101|.169633|
12|65536|10|101|.148434|
12|65536|10|101|.180645|
12|65536|10|101|.196258|
12|65536|10|1009|.177873|
12|65536|10|1009|.188276|
12|65536|10|1009|.200983|
12|65536|10|1009|.143224|
12|65536|10|1009|.213369|
12|65536|10|32749|.21956|
12|65536|10|32749|.191763|
12|65536|10|32749|.235119|
12|65536|10|32749|.190006|
12|65536|10|32749|.226992|
12|65536|18|11|.126803|
12|65536|18|11|.170046|
12|65536|18|11|.177655|
12|65536|18|11|.150663|
12|65536|18|11|.165219|
12|65536|18|101|.169657|
12|65536|18|101|.18253|
12|65536|18|101|.146641|
12|65536|18|101|.192397|
12|65536|18|101|.172933|
12|65536|18|1009|.164773|
12|65536|18|1009|.180944|
12|65536|18|1009|.19863|
12|65536|18|1009|.160863|
12|65536|18|1009|.15615|
12|65536|18|32749|.191421|
12|65536|18|32749|.173377|
12|65536|18|32749|.175798|
12|65536|18|32749|.187429|
12|65536|18|32749|.221355|
13|65536|2|11|.107084|
13|65536|2|11|.06359|
13|65536|2|11|.072621|
13|65536|2|11|.022128|
13|65536|2|11|.023341|
13|65536|2|101|.20818|
13|65536|2|101|.208661|
13|65536|2|101|.039079|
13|65536|2|101|.041581|
13|65536|2|101|.12332|
13|65536|2|1009|.124177|
13|65536|2|1009|.145625|
13|65536|2|1009|.145512|
13|65536|2|1009|.05254|
13|65536|2|1009|.068903|
13|65536|2|32749|.076436|
13|65536|2|32749|.159622|
13|65536|2|32749|.161204|
13|65536|2|32749|.11948|
13|65536|2|32749|.019356|
13|65536|10|11|.21557|
13|65536|10|11|.244325|
13|65536|10|11|.291268|
13|65536|10|11|.254997|
13|65536|10|11|.30752|
13|65536|10|101|.331308|
13|65536|10|101|.207863|
13|65536|10|101|.324821|
13|65536|10|101|.286862|
13|65536|10|101|.323375|
13|65536|10|1009|.332928|
13|65536|10|1009|.247698|
13|65536|10|1009|.225724|
13|65536|10|1009|.315239|
13|65536|10|1009|.293955|
13|65536|10|32749|.345156|
13|65536|10|32749|.315111|
13|65536|10|32749|.274976|
13|65536|10|32749|.356282|
13|65536|10|32749|.220744|
13|65536|18|11|.216199|
13|65536|18|11|.276216|
13|65536|18|11|.240658|
13|65536|18|11|.321559|
13|65536|18|11|.23872|
13|65536|18|101|.298262|
13|65536|18|101|.210954|
13|65536|18|101|.292981|
13|65536|18|101|.208922|
13|65536|18|101|.242981|
13|65536|18|1009|.36251|
13|65536|18|1009|.369947|
13|65536|18|1009|.28796|
13|65536|18|1009|.334511|
13|65536|18|1009|.230799|
13|65536|18|32749|.301131|
13|65536|18|32749|.300179|
13|65536|18|32749|.386446|
13|65536|18|32749|.387408|
13|65536|18|32749|.287364|
14|65536|2|11|.099037|
14|65536|2|11|.028885|
14|65536|2|11|.035814|
14|65536|2|11|.177963|
14|65536|2|11|.155772|
14|65536|2|101|.027142|
14|65536|2|101|.122762|
14|65536|2|101|.086653|
14|65536|2|101|.054556|
14|65536|2|101|.162423|
14|65536|2|1009|.208803|
14|65536|2|1009|.34523|
14|65536|2|1009|.141788|
14|65536|2|1009|.111781|
14|65536|2|1009|.093036|
14|65536|2|32749|.102879|
14|65536|2|32749|.134702|
14|65536|2|32749|.083194|
14|65536|2|32749|.111454|
14|65536|2|32749|.295554|
14|65536|10|11|.349966|
14|65536|10|11|.364898|
14|65536|10|11|.292346|
14|65536|10|11|.424142|
14|65536|10|11|.348542|
14|65536|10|101|.387843|
14|65536|10|101|.543378|
14|65536|10|101|.513173|
14|65536|10|101|.569394|
14|65536|10|101|.586184|
14|65536|10|1009|.385199|
14|65536|10|1009|.491994|
14|65536|10|1009|.505767|
14|65536|10|1009|.475086|
14|65536|10|1009|.576688|
14|65536|10|32749|.493671|
14|65536|10|32749|.582666|
14|65536|10|32749|.388685|
14|65536|10|32749|.511814|
14|65536|10|32749|.423554|
14|65536|18|11|.350773|
14|65536|18|11|.396359|
14|65536|18|11|.311473|
14|65536|18|11|.351397|
14|65536|18|11|.295704|
14|65536|18|101|.459069|
14|65536|18|101|.508941|
14|65536|18|101|.477268|
14|65536|18|101|.606282|
14|65536|18|101|.504716|
14|65536|18|1009|.581149|
14|65536|18|1009|.494628|
14|65536|18|1009|.488003|
14|65536|18|1009|.485942|
14|65536|18|1009|.456389|
14|65536|18|32749|.54618|
14|65536|18|32749|.495824|
14|65536|18|32749|.493027|
14|65536|18|32749|.553008|
14|65536|18|32749|.436923|
15|65536|2|11|.072931|
15|65536|2|11|.150279|
15|65536|2|11|.206083|
15|65536|2|11|.196765|
15|65536|2|11|.24984|
15|65536|2|101|.251217|
15|65536|2|101|.262859|
15|65536|2|101|.082065|
15|65536|2|101|.088819|
15|65536|2|101|.119352|
15|65536|2|1009|.590126|
15|65536|2|1009|.060602|
15|65536|2|1009|.086366|
15|65536|2|1009|.395001|
15|65536|2|1009|.960305|
15|65536|2|32749|.570556|
15|65536|2|32749|.452429|
15|65536|2|32749|.415772|
15|65536|2|32749|.240563|
15|65536|2|32749|.67741|
15|65536|10|11|.713373|
15|65536|10|11|.640068|
15|65536|10|11|.548189|
15|65536|10|11|.656147|
15|65536|10|11|.529858|
15|65536|10|101|.819722|
15|65536|10|101|.826012|
15|65536|10|101|.715697|
15|65536|10|101|.692222|
15|65536|10|101|.84626|
15|65536|10|1009|.866784|
15|65536|10|1009|.815377|
15|65536|10|1009|.708531|
15|65536|10|1009|.71374|
15|65536|10|1009|.822556|
15|65536|10|32749|.867218|
15|65536|10|32749|.802086|
15|65536|10|32749|.518912|
15|65536|10|32749|.58973|
15|65536|10|32749|.688493|
15|65536|18|11|.5909|
15|65536|18|11|.920442|
15|65536|18|11|.564303|
15|65536|18|11|.691058|
15|65536|18|11|.762907|
15|65536|18|101|.773129|
15|65536|18|101|.741189|
15|65536|18|101|.64601|
15|65536|18|101|.6684|
15|65536|18|101|.86604|
15|65536|18|1009|.888394|
15|65536|18|1009|.576568|
15|65536|18|1009|.786654|
15|65536|18|1009|.692503|
15|65536|18|1009|.782733|
15|65536|18|32749|.600153|
15|65536|18|32749|1.08078|
15|65536|18|32749|.889924|
15|65536|18|32749|.779919|
15|65536|18|32749|.867151|
16|65536|2|11|.316848|
16|65536|2|11|.100087|
16|65536|2|11|.334439|
16|65536|2|11|.183749|
16|65536|2|11|.734414|
16|65536|2|101|.399727|
16|65536|2|101|.113566|
16|65536|2|101|.174549|
16|65536|2|101|.295609|
16|65536|2|101|.519502|
16|65536|2|1009|.360066|
16|65536|2|1009|.880027|
16|65536|2|1009|.667381|
16|65536|2|1009|.708885|
16|65536|2|1009|1.00601|
16|65536|2|32749|.491575|
16|65536|2|32749|.525823|
16|65536|2|32749|.096735|
16|65536|2|32749|.786807|
16|65536|2|32749|.581029|
16|65536|10|11|1.2822|
16|65536|10|11|.934502|
16|65536|10|11|1.342|
16|65536|10|11|1.33373|
16|65536|10|11|1.35642|
16|65536|10|101|1.52529|
16|65536|10|101|1.78394|
16|65536|10|101|1.45612|
16|65536|10|101|1.29896|
16|65536|10|101|1.41306|
16|65536|10|1009|1.40832|
16|65536|10|1009|1.53756|
16|65536|10|1009|1.41918|
16|65536|10|1009|1.59434|
16|65536|10|1009|1.48502|
16|65536|10|32749|1.60316|
16|65536|10|32749|1.55638|
16|65536|10|32749|1.46573|
16|65536|10|32749|1.39414|
16|65536|10|32749|1.56083|
16|65536|18|11|1.09967|
16|65536|18|11|1.34371|
16|65536|18|11|1.40472|
16|65536|18|11|1.29848|
16|65536|18|11|1.50793|
16|65536|18|101|1.36345|
16|65536|18|101|1.55837|
16|65536|18|101|1.22184|
16|65536|18|101|1.86003|
16|65536|18|101|1.80344|
16|65536|18|1009|1.89161|
16|65536|18|1009|1.54369|
16|65536|18|1009|1.87046|
16|65536|18|1009|1.72866|
16|65536|18|1009|1.93522|
16|65536|18|32749|2.16074|
16|65536|18|32749|1.83142|
16|65536|18|32749|1.88747|
16|65536|18|32749|1.99621|
16|65536|18|32749|1.79458|
17|65536|2|11|.345563|
17|65536|2|11|.326215|
17|65536|2|11|.641988|
17|65536|2|11|.774147|
17|65536|2|11|1.30523|
17|65536|2|101|.698791|
17|65536|2|101|3.62788|
17|65536|2|101|.399092|
17|65536|2|101|1.47531|
17|65536|2|101|.528285|
17|65536|2|1009|1.3205|
17|65536|2|1009|.47866|
17|65536|2|1009|1.00744|
17|65536|2|1009|.790316|
17|65536|2|1009|.95012|
17|65536|2|32749|.890838|
17|65536|2|32749|1.34913|
17|65536|2|32749|.828366|
17|65536|2|32749|1.3133|
17|65536|2|32749|3.03974|
17|65536|10|11|2.5877|
17|65536|10|11|2.23209|
17|65536|10|11|3.2113|
17|65536|10|11|2.47441|
17|65536|10|11|3.03996|
17|65536|10|101|3.49303|
17|65536|10|101|3.23524|
17|65536|10|101|3.33318|
17|65536|10|101|3.45754|
17|65536|10|101|4.25385|
17|65536|10|1009|3.44545|
17|65536|10|1009|3.00265|
17|65536|10|1009|3.10735|
17|65536|10|1009|3.22981|
17|65536|10|1009|3.23839|
17|65536|10|32749|3.18845|
17|65536|10|32749|3.03634|
17|65536|10|32749|3.25247|
17|65536|10|32749|3.21901|
17|65536|10|32749|3.72576|
17|65536|18|11|2.75889|
17|65536|18|11|2.94661|
17|65536|18|11|3.56779|
17|65536|18|11|3.09787|
17|65536|18|11|3.22782|
17|65536|18|101|2.99445|
17|65536|18|101|3.47341|
17|65536|18|101|2.9718|
17|65536|18|101|2.70494|
17|65536|18|101|2.95968|
17|65536|18|1009|2.96635|
17|65536|18|1009|2.56424|
17|65536|18|1009|2.33737|
17|65536|18|1009|2.25316|
17|65536|18|1009|2.92324|
17|65536|18|32749|2.82938|
17|65536|18|32749|2.3226|
17|65536|18|32749|2.75654|
17|65536|18|32749|3.16739|
17|65536|18|32749|2.61567|
18|65536|2|11|.811834|
18|65536|2|11|1.50536|
18|65536|2|11|2.45289|
18|65536|2|11|1.34027|
18|65536|2|11|3.08525|
18|65536|2|101|.778346|
18|65536|2|101|.445001|
18|65536|2|101|2.49463|
18|65536|2|101|3.08754|
18|65536|2|101|.128389|
18|65536|2|1009|1.76096|
18|65536|2|1009|1.3241|
18|65536|2|1009|1.97666|
18|65536|2|1009|.937696|
18|65536|2|1009|1.81466|
18|65536|2|32749|.761808|
18|65536|2|32749|2.03731|
18|65536|2|32749|1.06096|
18|65536|2|32749|.997614|
18|65536|2|32749|.666354|
18|65536|10|11|3.04699|
18|65536|10|11|3.56119|
18|65536|10|11|2.74102|
18|65536|10|11|3.18406|
18|65536|10|11|2.56778|
18|65536|10|101|2.5526|
18|65536|10|101|3.36219|
18|65536|10|101|2.65106|
18|65536|10|101|3.04324|
18|65536|10|101|3.35776|
18|65536|10|1009|3.19001|
18|65536|10|1009|2.97661|
18|65536|10|1009|2.85872|
18|65536|10|1009|2.72256|
18|65536|10|1009|2.64866|
18|65536|10|32749|3.2777|
18|65536|10|32749|3.06635|
18|65536|10|32749|2.72725|
18|65536|10|32749|2.46701|
18|65536|10|32749|2.31984|
18|65536|18|11|2.2164|
18|65536|18|11|2.77002|
18|65536|18|11|2.04037|
18|65536|18|11|2.32034|
18|65536|18|11|2.63781|
18|65536|18|101|3.01027|
18|65536|18|101|2.62184|
18|65536|18|101|2.56567|
18|65536|18|101|2.4754|
18|65536|18|101|2.11457|
18|65536|18|1009|2.38829|
18|65536|18|1009|2.42065|
18|65536|18|1009|2.50234|
18|65536|18|1009|2.44923|
18|65536|18|1009|2.35826|
18|65536|18|32749|2.4171|
18|65536|18|32749|2.84827|
18|65536|18|32749|3.01265|
18|65536|18|32749|2.43354|
18|65536|18|32749|2.59207|
19|65536|2|11|.789272|
19|65536|2|11|1.98332|
19|65536|2|11|.61805|
19|65536|2|11|2.01813|
19|65536|2|11|.120256|
19|65536|2|101|.97641|
19|65536|2|101|.379296|
19|65536|2|101|.573265|
19|65536|2|101|1.81643|
19|65536|2|101|1.06922|
19|65536|2|1009|.834183|
19|65536|2|1009|.14169|
19|65536|2|1009|3.15801|
19|65536|2|1009|.871355|
19|65536|2|1009|.352192|
19|65536|2|32749|3.00282|
19|65536|2|32749|.866894|
19|65536|2|32749|.90452|
19|65536|2|32749|2.55117|
19|65536|2|32749|1.3655|
19|65536|10|11|2.48439|
19|65536|10|11|2.88573|
19|65536|10|11|3.63678|
19|65536|10|11|2.82393|
19|65536|10|11|2.58827|
19|65536|10|101|3.11015|
19|65536|10|101|3.76684|
19|65536|10|101|3.30954|
19|65536|10|101|4.31057|
19|65536|10|101|3.83835|
19|65536|10|1009|3.5964|
19|65536|10|1009|3.81275|
19|65536|10|1009|2.8742|
19|65536|10|1009|2.80951|
19|65536|10|1009|2.9203|
19|65536|10|32749|3.16479|
19|65536|10|32749|4.56696|
19|65536|10|32749|2.51773|
19|65536|10|32749|3.83318|
19|65536|10|32749|3.67296|
19|65536|18|11|2.98407|
19|65536|18|11|2.73547|
19|65536|18|11|2.99385|
19|65536|18|11|3.49605|
19|65536|18|11|3.53098|
19|65536|18|101|3.6905|
19|65536|18|101|3.45935|
19|65536|18|101|3.67136|
19|65536|18|101|2.78692|
19|65536|18|101|3.99417|
19|65536|18|1009|3.04766|
19|65536|18|1009|3.13016|
19|65536|18|1009|4.08031|
19|65536|18|1009|3.69826|
19|65536|18|1009|3.75375|
19|65536|18|32749|4.25626|
19|65536|18|32749|4.30115|
19|65536|18|32749|3.75168|
19|65536|18|32749|3.55128|
19|65536|18|32749|3.31163|
20|65536|2|11|2.26517|
20|65536|2|11|.888655|
20|65536|2|11|1.01193|
20|65536|2|11|2.7306|
20|65536|2|11|1.35688|
20|65536|2|101|2.08977|
20|65536|2|101|1.56275|
20|65536|2|101|2.41208|
20|65536|2|101|3.91072|
20|65536|2|101|.331974|
20|65536|2|1009|1.8115|
20|65536|2|1009|1.69325|
20|65536|2|1009|1.21554|
20|65536|2|1009|6.25747|
20|65536|2|1009|1.44367|
20|65536|2|32749|.759477|
20|65536|2|32749|1.0074|
20|65536|2|32749|2.74949|
20|65536|2|32749|9.93107|
20|65536|2|32749|1.95404|
20|65536|10|11|4.68781|
20|65536|10|11|6.24935|
20|65536|10|11|6.20786|
20|65536|10|11|5.13518|
20|65536|10|11|4.69691|
20|65536|10|101|6.75194|
20|65536|10|101|5.34724|
20|65536|10|101|5.89316|
20|65536|10|101|5.18179|
20|65536|10|101|5.49429|
20|65536|10|1009|6.32413|
20|65536|10|1009|4.75816|
20|65536|10|1009|5.41251|
20|65536|10|1009|5.01212|
20|65536|10|1009|6.65962|
20|65536|10|32749|6.51215|
20|65536|10|32749|5.15962|
20|65536|10|32749|5.4838|
20|65536|10|32749|5.29775|
20|65536|10|32749|6.08717|
20|65536|18|11|5.14819|
20|65536|18|11|5.96849|
20|65536|18|11|4.42241|
20|65536|18|11|5.0098|
20|65536|18|11|4.91759|
20|65536|18|101|4.96654|
20|65536|18|101|5.42809|
20|65536|18|101|5.50628|
20|65536|18|101|5.18356|
20|65536|18|101|4.71025|
20|65536|18|1009|4.94923|
20|65536|18|1009|4.74941|
20|65536|18|1009|5.12625|
20|65536|18|1009|4.44839|
20|65536|18|1009|4.58593|
20|65536|18|32749|4.29982|
20|65536|18|32749|4.61237|
20|65536|18|32749|3.82052|
20|65536|18|32749|4.82968|
20|65536|18|32749|5.2072|
21|65536|2|11|1.28387|
21|65536|2|11|1.36708|
21|65536|2|11|1.66121|
21|65536|2|11|.513015|
21|65536|2|11|.452313|
21|65536|2|101|1.01405|
21|65536|2|101|1.97661|
21|65536|2|101|3.39365|
21|65536|2|101|.725801|
21|65536|2|101|1.56243|
21|65536|2|1009|.581575|
21|65536|2|1009|.721538|
21|65536|2|1009|2.09626|
21|65536|2|1009|1.10206|
21|65536|2|1009|1.68068|
21|65536|2|32749|.550805|
21|65536|2|32749|4.55355|
21|65536|2|32749|1.92559|
21|65536|2|32749|1.30467|
21|65536|2|32749|.618262|
21|65536|10|11|3.37905|
21|65536|10|11|2.8369|
21|65536|10|11|3.93527|
21|65536|10|11|3.26876|
21|65536|10|11|2.85092|
21|65536|10|101|3.38828|
21|65536|10|101|3.69406|
21|65536|10|101|3.31434|
21|65536|10|101|4.37327|
21|65536|10|101|3.71684|
21|65536|10|1009|3.357|
21|65536|10|1009|3.96362|
21|65536|10|1009|3.07148|
21|65536|10|1009|3.93018|
21|65536|10|1009|3.27377|
21|65536|10|32749|3.88561|
21|65536|10|32749|3.97726|
21|65536|10|32749|3.59844|
21|65536|10|32749|4.26152|
21|65536|10|32749|3.7031|
21|65536|18|11|3.68938|
21|65536|18|11|3.72602|
21|65536|18|11|3.43861|
21|65536|18|11|3.361|
21|65536|18|11|4.38523|
21|65536|18|101|4.3241|
21|65536|18|101|2.83245|
21|65536|18|101|4.90052|
21|65536|18|101|3.9552|
21|65536|18|101|4.71278|
21|65536|18|1009|3.75801|
21|65536|18|1009|3.87948|
21|65536|18|1009|4.66888|
21|65536|18|1009|4.96566|
21|65536|18|1009|3.49446|
21|65536|18|32749|4.06007|
21|65536|18|32749|4.93629|
21|65536|18|32749|4.79489|
21|65536|18|32749|5.29516|
21|65536|18|32749|4.06396|
